filename,label
Image_1.jpg,0
Image_2.jpg,1
Image_3.jpg,0
Image_4.jpg,1
Image_5.jpg,2
Image_6.jpg,2
Image_7.jpg,1
Image_8.jpg,0
Image_9.jpg,2
Image_10.jpg,0
Image_11.jpg,2
Image_12.jpg,1
Image_13.jpg,0
Image_14.jpg,4
Image_15.jpg,1
Image_16.jpg,0
Image_17.jpg,3
Image_18.jpg,2
Image_19.jpg,0
Image_20.jpg,2
Image_21.jpg,2
Image_22.jpg,1
Image_23.jpg,4
Image_24.jpg,2
Image_25.jpg,0
Image_26.jpg,0
Image_27.jpg,2
Image_28.jpg,3
Image_29.jpg,0
Image_30.jpg,0
Image_31.jpg,2
Image_32.jpg,3
Image_33.jpg,2
Image_34.jpg,2
Image_35.jpg,1
Image_36.jpg,4
Image_37.jpg,2
Image_38.jpg,0
Image_39.jpg,4
Image_40.jpg,1
Image_41.jpg,3
Image_42.jpg,0
Image_43.jpg,1
Image_44.jpg,1
Image_45.jpg,1
Image_46.jpg,2
Image_47.jpg,1
Image_48.jpg,2
Image_49.jpg,2
Image_50.jpg,0
Image_51.jpg,0
Image_52.jpg,0
Image_53.jpg,1
Image_54.jpg,1
Image_55.jpg,3
Image_56.jpg,2
Image_57.jpg,2
Image_58.jpg,2
Image_59.jpg,0
Image_60.jpg,0
Image_61.jpg,0
Image_62.jpg,3
Image_63.jpg,0
Image_64.jpg,0
Image_65.jpg,1
Image_66.jpg,2
Image_67.jpg,0
Image_68.jpg,0
Image_69.jpg,2
Image_70.jpg,2
Image_71.jpg,3
Image_72.jpg,0
Image_73.jpg,0
Image_74.jpg,1
Image_75.jpg,2
Image_76.jpg,0
Image_77.jpg,1
Image_78.jpg,2
Image_79.jpg,0
Image_80.jpg,2
Image_81.jpg,2
Image_82.jpg,1
Image_83.jpg,0
Image_84.jpg,4
Image_85.jpg,1
Image_86.jpg,0
Image_87.jpg,0
Image_88.jpg,0
Image_89.jpg,2
Image_90.jpg,3
Image_91.jpg,2
Image_92.jpg,1
Image_93.jpg,2
Image_94.jpg,1
Image_95.jpg,1
Image_96.jpg,2
Image_97.jpg,1
Image_98.jpg,2
Image_99.jpg,1
Image_100.jpg,2
Image_101.jpg,1
Image_102.jpg,0
Image_103.jpg,0
Image_104.jpg,1
Image_105.jpg,0
Image_106.jpg,0
Image_107.jpg,2
Image_108.jpg,0
Image_109.jpg,0
Image_110.jpg,0
Image_111.jpg,1
Image_112.jpg,4
Image_113.jpg,2
Image_114.jpg,0
Image_115.jpg,0
Image_116.jpg,0
Image_117.jpg,0
Image_118.jpg,1
Image_119.jpg,2
Image_120.jpg,3
Image_121.jpg,1
Image_122.jpg,1
Image_123.jpg,0
Image_124.jpg,2
Image_125.jpg,0
Image_126.jpg,3
Image_127.jpg,0
Image_128.jpg,2
Image_129.jpg,1
Image_130.jpg,1
Image_131.jpg,0
Image_132.jpg,1
Image_133.jpg,2
Image_134.jpg,3
Image_135.jpg,0
Image_136.jpg,0
Image_137.jpg,0
Image_138.jpg,0
Image_139.jpg,2
Image_140.jpg,3
Image_141.jpg,0
Image_142.jpg,2
Image_143.jpg,0
Image_144.jpg,3
Image_145.jpg,1
Image_146.jpg,1
Image_147.jpg,0
Image_148.jpg,0
Image_149.jpg,0
Image_150.jpg,2
Image_151.jpg,2
Image_152.jpg,3
Image_153.jpg,2
Image_154.jpg,2
Image_155.jpg,1
Image_156.jpg,0
Image_157.jpg,1
Image_158.jpg,2
Image_159.jpg,3
Image_160.jpg,0
Image_161.jpg,3
Image_162.jpg,1
Image_163.jpg,3
Image_164.jpg,1
Image_165.jpg,0
Image_166.jpg,0
Image_167.jpg,2
Image_168.jpg,3
Image_169.jpg,0
Image_170.jpg,3
Image_171.jpg,0
Image_172.jpg,4
Image_173.jpg,3
Image_174.jpg,1
Image_175.jpg,3
Image_176.jpg,0
Image_177.jpg,3
Image_178.jpg,1
Image_179.jpg,3
Image_180.jpg,2
Image_181.jpg,0
Image_182.jpg,2
Image_183.jpg,1
Image_184.jpg,2
Image_185.jpg,2
Image_186.jpg,0
Image_187.jpg,2
Image_188.jpg,2
Image_189.jpg,0
Image_190.jpg,4
Image_191.jpg,0
Image_192.jpg,2
Image_193.jpg,0
Image_194.jpg,0
Image_195.jpg,3
Image_196.jpg,4
Image_197.jpg,4
Image_198.jpg,2
Image_199.jpg,0
Image_200.jpg,2
Image_201.jpg,2
Image_202.jpg,3
Image_203.jpg,2
Image_204.jpg,2
Image_205.jpg,3
Image_206.jpg,4
Image_207.jpg,2
Image_208.jpg,0
Image_209.jpg,0
Image_210.jpg,2
Image_211.jpg,1
Image_212.jpg,2
Image_213.jpg,1
Image_214.jpg,0
Image_215.jpg,0
Image_216.jpg,2
Image_217.jpg,0
Image_218.jpg,2
Image_219.jpg,0
Image_220.jpg,2
Image_221.jpg,2
Image_222.jpg,0
Image_223.jpg,2
Image_224.jpg,0
Image_225.jpg,2
Image_226.jpg,2
Image_227.jpg,1
Image_228.jpg,2
Image_229.jpg,0
Image_230.jpg,2
Image_231.jpg,1
Image_232.jpg,2
Image_233.jpg,2
Image_234.jpg,0
Image_235.jpg,2
Image_236.jpg,0
Image_237.jpg,2
Image_238.jpg,4
Image_239.jpg,3
Image_240.jpg,0
Image_241.jpg,0
Image_242.jpg,0
Image_243.jpg,0
Image_244.jpg,2
Image_245.jpg,2
Image_246.jpg,0
Image_247.jpg,1
Image_248.jpg,0
Image_249.jpg,0
Image_250.jpg,3
Image_251.jpg,2
Image_252.jpg,0
Image_253.jpg,3
Image_254.jpg,2
Image_255.jpg,0
Image_256.jpg,0
Image_257.jpg,0
Image_258.jpg,1
Image_259.jpg,0
Image_260.jpg,0
Image_261.jpg,2
Image_262.jpg,1
Image_263.jpg,3
Image_264.jpg,4
Image_265.jpg,3
Image_266.jpg,0
Image_267.jpg,1
Image_268.jpg,0
Image_269.jpg,0
Image_270.jpg,2
Image_271.jpg,4
Image_272.jpg,4
Image_273.jpg,3
Image_274.jpg,3
Image_275.jpg,0
Image_276.jpg,0
Image_277.jpg,1
Image_278.jpg,1
Image_279.jpg,1
Image_280.jpg,1
Image_281.jpg,2
Image_282.jpg,3
Image_283.jpg,0
Image_284.jpg,1
Image_285.jpg,2
Image_286.jpg,1
Image_287.jpg,0
Image_288.jpg,0
Image_289.jpg,0
Image_290.jpg,0
Image_291.jpg,1
Image_292.jpg,1
Image_293.jpg,2
Image_294.jpg,2
Image_295.jpg,0
Image_296.jpg,2
Image_297.jpg,0
Image_298.jpg,3
Image_299.jpg,1
Image_300.jpg,2
Image_301.jpg,3
Image_302.jpg,2
Image_303.jpg,2
Image_304.jpg,0
Image_305.jpg,3
Image_306.jpg,0
Image_307.jpg,2
Image_308.jpg,2
Image_309.jpg,1
Image_310.jpg,1
Image_311.jpg,0
Image_312.jpg,2
Image_313.jpg,0
Image_314.jpg,0
Image_315.jpg,1
Image_316.jpg,3
Image_317.jpg,3
Image_318.jpg,0
Image_319.jpg,2
Image_320.jpg,2
Image_321.jpg,0
Image_322.jpg,0
Image_323.jpg,3
Image_324.jpg,2
Image_325.jpg,2
Image_326.jpg,1
Image_327.jpg,2
Image_328.jpg,2
Image_329.jpg,3
Image_330.jpg,2
Image_331.jpg,1
Image_332.jpg,0
Image_333.jpg,0
Image_334.jpg,0
Image_335.jpg,3
Image_336.jpg,2
Image_337.jpg,2
Image_338.jpg,1
Image_339.jpg,0
Image_340.jpg,2
Image_341.jpg,0
Image_342.jpg,0
Image_343.jpg,3
Image_344.jpg,2
Image_345.jpg,2
Image_346.jpg,2
Image_347.jpg,2
Image_348.jpg,3
Image_349.jpg,2
Image_350.jpg,4
Image_351.jpg,0
Image_352.jpg,2
Image_353.jpg,0
Image_354.jpg,3
Image_355.jpg,2
Image_356.jpg,2
Image_357.jpg,0
Image_358.jpg,2
Image_359.jpg,0
Image_360.jpg,2
Image_361.jpg,3
Image_362.jpg,1
Image_363.jpg,2
Image_364.jpg,1
Image_365.jpg,3
Image_366.jpg,0
Image_367.jpg,0
Image_368.jpg,0
Image_369.jpg,0
Image_370.jpg,0
Image_371.jpg,1
Image_372.jpg,2
Image_373.jpg,2
Image_374.jpg,0
Image_375.jpg,2
Image_376.jpg,3
Image_377.jpg,0
Image_378.jpg,0
Image_379.jpg,3
Image_380.jpg,1
Image_381.jpg,2
Image_382.jpg,0
Image_383.jpg,3
Image_384.jpg,0
Image_385.jpg,2
Image_386.jpg,1
Image_387.jpg,0
Image_388.jpg,0
Image_389.jpg,0
Image_390.jpg,0
Image_391.jpg,3
Image_392.jpg,0
Image_393.jpg,1
Image_394.jpg,1
Image_395.jpg,2
Image_396.jpg,1
Image_397.jpg,0
Image_398.jpg,2
Image_399.jpg,0
Image_400.jpg,0
Image_401.jpg,3
Image_402.jpg,0
Image_403.jpg,0
Image_404.jpg,0
Image_405.jpg,2
Image_406.jpg,3
Image_407.jpg,3
Image_408.jpg,3
Image_409.jpg,3
Image_410.jpg,2
Image_411.jpg,2
Image_412.jpg,1
Image_413.jpg,0
Image_414.jpg,1
Image_415.jpg,2
Image_416.jpg,2
Image_417.jpg,4
Image_418.jpg,0
Image_419.jpg,0
Image_420.jpg,0
Image_421.jpg,2
Image_422.jpg,4
Image_423.jpg,2
Image_424.jpg,2
Image_425.jpg,3
Image_426.jpg,1
Image_427.jpg,0
Image_428.jpg,2
Image_429.jpg,1
Image_430.jpg,0
Image_431.jpg,0
Image_432.jpg,3
Image_433.jpg,1
Image_434.jpg,0
Image_435.jpg,1
Image_436.jpg,4
Image_437.jpg,0
Image_438.jpg,1
Image_439.jpg,2
Image_440.jpg,0
Image_441.jpg,0
Image_442.jpg,3
Image_443.jpg,2
Image_444.jpg,0
Image_445.jpg,0
Image_446.jpg,4
Image_447.jpg,0
Image_448.jpg,3
Image_449.jpg,2
Image_450.jpg,2
Image_451.jpg,1
Image_452.jpg,2
Image_453.jpg,0
Image_454.jpg,0
Image_455.jpg,4
Image_456.jpg,1
Image_457.jpg,2
Image_458.jpg,2
Image_459.jpg,0
Image_460.jpg,2
Image_461.jpg,0
Image_462.jpg,0
Image_463.jpg,0
Image_464.jpg,0
Image_465.jpg,0
Image_466.jpg,0
Image_467.jpg,1
Image_468.jpg,0
Image_469.jpg,0
Image_470.jpg,0
Image_471.jpg,2
Image_472.jpg,0
Image_473.jpg,0
Image_474.jpg,0
Image_475.jpg,3
Image_476.jpg,0
Image_477.jpg,0
Image_478.jpg,0
Image_479.jpg,0
Image_480.jpg,1
Image_481.jpg,2
Image_482.jpg,2
Image_483.jpg,0
Image_484.jpg,1
Image_485.jpg,4
Image_486.jpg,2
Image_487.jpg,2
Image_488.jpg,0
Image_489.jpg,0
Image_490.jpg,0
Image_491.jpg,0
Image_492.jpg,2
Image_493.jpg,0
Image_494.jpg,0
Image_495.jpg,1
Image_496.jpg,2
Image_497.jpg,0
Image_498.jpg,0
Image_499.jpg,0
Image_500.jpg,2
Image_501.jpg,2
Image_502.jpg,2
Image_503.jpg,1
Image_504.jpg,0
Image_505.jpg,0
Image_506.jpg,3
Image_507.jpg,3
Image_508.jpg,2
Image_509.jpg,2
Image_510.jpg,0
Image_511.jpg,1
Image_512.jpg,0
Image_513.jpg,2
Image_514.jpg,0
Image_515.jpg,0
Image_516.jpg,1
Image_517.jpg,0
Image_518.jpg,3
Image_519.jpg,0
Image_520.jpg,2
Image_521.jpg,2
Image_522.jpg,0
Image_523.jpg,3
Image_524.jpg,2
Image_525.jpg,1
Image_526.jpg,2
Image_527.jpg,0
Image_528.jpg,3
Image_529.jpg,2
Image_530.jpg,0
Image_531.jpg,2
Image_532.jpg,0
Image_533.jpg,0
Image_534.jpg,2
Image_535.jpg,1
Image_536.jpg,3
Image_537.jpg,1
Image_538.jpg,0
Image_539.jpg,0
Image_540.jpg,3
Image_541.jpg,2
Image_542.jpg,3
Image_543.jpg,0
Image_544.jpg,0
Image_545.jpg,0
Image_546.jpg,2
Image_547.jpg,1
Image_548.jpg,0
Image_549.jpg,0
Image_550.jpg,0
Image_551.jpg,1
Image_552.jpg,2
Image_553.jpg,0
Image_554.jpg,4
Image_555.jpg,3
Image_556.jpg,0
Image_557.jpg,0
Image_558.jpg,0
Image_559.jpg,2
Image_560.jpg,0
Image_561.jpg,1
Image_562.jpg,1
Image_563.jpg,0
Image_564.jpg,0
Image_565.jpg,0
Image_566.jpg,4
Image_567.jpg,2
Image_568.jpg,0
Image_569.jpg,0
Image_570.jpg,0
Image_571.jpg,0
Image_572.jpg,4
Image_573.jpg,2
Image_574.jpg,2
Image_575.jpg,3
Image_576.jpg,2
Image_577.jpg,3
Image_578.jpg,0
Image_579.jpg,0
Image_580.jpg,1
Image_581.jpg,0
Image_582.jpg,1
Image_583.jpg,3
Image_584.jpg,0
Image_585.jpg,0
Image_586.jpg,0
Image_587.jpg,1
Image_588.jpg,3
Image_589.jpg,3
Image_590.jpg,0
Image_591.jpg,1
Image_592.jpg,0
Image_593.jpg,0
Image_594.jpg,2
Image_595.jpg,1
Image_596.jpg,4
Image_597.jpg,3
Image_598.jpg,1
Image_599.jpg,3
Image_600.jpg,0
Image_601.jpg,1
Image_602.jpg,0
Image_603.jpg,1
Image_604.jpg,0
Image_605.jpg,1
Image_606.jpg,0
Image_607.jpg,2
Image_608.jpg,0
Image_609.jpg,1
Image_610.jpg,0
Image_611.jpg,3
Image_612.jpg,1
Image_613.jpg,0
Image_614.jpg,1
Image_615.jpg,2
Image_616.jpg,0
Image_617.jpg,0
Image_618.jpg,0
Image_619.jpg,0
Image_620.jpg,0
Image_621.jpg,0
Image_622.jpg,2
Image_623.jpg,1
Image_624.jpg,2
Image_625.jpg,0
Image_626.jpg,0
Image_627.jpg,0
Image_628.jpg,3
Image_629.jpg,2
Image_630.jpg,3
Image_631.jpg,3
Image_632.jpg,2
Image_633.jpg,0
Image_634.jpg,3
Image_635.jpg,3
Image_636.jpg,2
Image_637.jpg,2
Image_638.jpg,0
Image_639.jpg,3
Image_640.jpg,3
Image_641.jpg,0
Image_642.jpg,0
Image_643.jpg,0
Image_644.jpg,0
Image_645.jpg,3
Image_646.jpg,3
Image_647.jpg,1
Image_648.jpg,1
Image_649.jpg,1
Image_650.jpg,1
Image_651.jpg,0
Image_652.jpg,1
Image_653.jpg,3
Image_654.jpg,3
Image_655.jpg,2
Image_656.jpg,0
Image_657.jpg,1
Image_658.jpg,2
Image_659.jpg,2
Image_660.jpg,1
Image_661.jpg,1
Image_662.jpg,3
Image_663.jpg,1
Image_664.jpg,0
Image_665.jpg,2
Image_666.jpg,0
Image_667.jpg,1
Image_668.jpg,2
Image_669.jpg,1
Image_670.jpg,0
Image_671.jpg,0
Image_672.jpg,0
Image_673.jpg,0
Image_674.jpg,0
Image_675.jpg,2
Image_676.jpg,0
Image_677.jpg,1
Image_678.jpg,0
Image_679.jpg,2
Image_680.jpg,0
Image_681.jpg,2
Image_682.jpg,4
Image_683.jpg,0
Image_684.jpg,2
Image_685.jpg,2
Image_686.jpg,1
Image_687.jpg,1
Image_688.jpg,0
Image_689.jpg,0
Image_690.jpg,2
Image_691.jpg,4
Image_692.jpg,2
Image_693.jpg,0
Image_694.jpg,0
Image_695.jpg,0
Image_696.jpg,0
Image_697.jpg,0
Image_698.jpg,2
Image_699.jpg,0
Image_700.jpg,2
Image_701.jpg,0
Image_702.jpg,1
Image_703.jpg,1
Image_704.jpg,0
Image_705.jpg,0
Image_706.jpg,4
Image_707.jpg,2
Image_708.jpg,0
Image_709.jpg,2
Image_710.jpg,0
Image_711.jpg,2
Image_712.jpg,1
Image_713.jpg,0
Image_714.jpg,3
Image_715.jpg,0
Image_716.jpg,1
Image_717.jpg,1
Image_718.jpg,2
Image_719.jpg,0
Image_720.jpg,2
Image_721.jpg,1
Image_722.jpg,0
Image_723.jpg,2
Image_724.jpg,0
Image_725.jpg,3
Image_726.jpg,0
Image_727.jpg,1
Image_728.jpg,2
Image_729.jpg,1
Image_730.jpg,1
Image_731.jpg,4
Image_732.jpg,1
Image_733.jpg,2
Image_734.jpg,3
Image_735.jpg,2
Image_736.jpg,2
Image_737.jpg,0
Image_738.jpg,1
Image_739.jpg,3
Image_740.jpg,2
Image_741.jpg,0
Image_742.jpg,2
Image_743.jpg,2
Image_744.jpg,2
Image_745.jpg,2
Image_746.jpg,1
Image_747.jpg,1
Image_748.jpg,3
Image_749.jpg,1
Image_750.jpg,4
Image_751.jpg,0
Image_752.jpg,1
Image_753.jpg,0
Image_754.jpg,2
Image_755.jpg,2
Image_756.jpg,0
Image_757.jpg,0
Image_758.jpg,3
Image_759.jpg,1
Image_760.jpg,1
Image_761.jpg,0
Image_762.jpg,0
Image_763.jpg,1
Image_764.jpg,1
Image_765.jpg,0
Image_766.jpg,2
Image_767.jpg,0
Image_768.jpg,0
Image_769.jpg,0
Image_770.jpg,3
Image_771.jpg,2
Image_772.jpg,0
Image_773.jpg,3
Image_774.jpg,0
Image_775.jpg,0
Image_776.jpg,1
Image_777.jpg,2
Image_778.jpg,0
Image_779.jpg,0
Image_780.jpg,0
Image_781.jpg,0
Image_782.jpg,0
Image_783.jpg,1
Image_784.jpg,2
Image_785.jpg,2
Image_786.jpg,2
Image_787.jpg,1
Image_788.jpg,2
Image_789.jpg,0
Image_790.jpg,0
Image_791.jpg,1
Image_792.jpg,0
Image_793.jpg,0
Image_794.jpg,2
Image_795.jpg,3
Image_796.jpg,4
Image_797.jpg,0
Image_798.jpg,0
Image_799.jpg,3
Image_800.jpg,0
Image_801.jpg,0
Image_802.jpg,0
Image_803.jpg,0
Image_804.jpg,2
Image_805.jpg,0
Image_806.jpg,1
Image_807.jpg,1
Image_808.jpg,0
Image_809.jpg,0
Image_810.jpg,0
Image_811.jpg,2
Image_812.jpg,0
Image_813.jpg,0
Image_814.jpg,1
Image_815.jpg,0
Image_816.jpg,0
Image_817.jpg,0
Image_818.jpg,3
Image_819.jpg,3
Image_820.jpg,0
Image_821.jpg,0
Image_822.jpg,0
Image_823.jpg,3
Image_824.jpg,1
Image_825.jpg,1
Image_826.jpg,1
Image_827.jpg,3
Image_828.jpg,2
Image_829.jpg,1
Image_830.jpg,3
Image_831.jpg,3
Image_832.jpg,0
Image_833.jpg,0
Image_834.jpg,3
Image_835.jpg,0
Image_836.jpg,0
Image_837.jpg,3
Image_838.jpg,2
Image_839.jpg,0
Image_840.jpg,0
Image_841.jpg,2
Image_842.jpg,0
Image_843.jpg,0
Image_844.jpg,0
Image_845.jpg,1
Image_846.jpg,0
Image_847.jpg,0
Image_848.jpg,2
Image_849.jpg,4
Image_850.jpg,0
Image_851.jpg,0
Image_852.jpg,0
Image_853.jpg,1
Image_854.jpg,1
Image_855.jpg,0
Image_856.jpg,2
Image_857.jpg,0
Image_858.jpg,0
Image_859.jpg,1
Image_860.jpg,0
Image_861.jpg,0
Image_862.jpg,1
Image_863.jpg,0
Image_864.jpg,0
Image_865.jpg,2
Image_866.jpg,2
Image_867.jpg,0
Image_868.jpg,0
Image_869.jpg,2
Image_870.jpg,0
Image_871.jpg,2
Image_872.jpg,3
Image_873.jpg,0
Image_874.jpg,2
Image_875.jpg,0
Image_876.jpg,1
Image_877.jpg,0
Image_878.jpg,2
Image_879.jpg,0
Image_880.jpg,3
Image_881.jpg,2
Image_882.jpg,3
Image_883.jpg,2
Image_884.jpg,1
Image_885.jpg,0
Image_886.jpg,0
Image_887.jpg,0
Image_888.jpg,0
Image_889.jpg,0
Image_890.jpg,1
Image_891.jpg,3
Image_892.jpg,0
Image_893.jpg,0
Image_894.jpg,3
Image_895.jpg,1
Image_896.jpg,0
Image_897.jpg,2
Image_898.jpg,0
Image_899.jpg,0
Image_900.jpg,0
Image_901.jpg,0
Image_902.jpg,1
Image_903.jpg,0
Image_904.jpg,2
Image_905.jpg,1
Image_906.jpg,3
Image_907.jpg,4
Image_908.jpg,3
Image_909.jpg,0
Image_910.jpg,4
Image_911.jpg,0
Image_912.jpg,1
Image_913.jpg,0
Image_914.jpg,2
Image_915.jpg,2
Image_916.jpg,2
Image_917.jpg,2
Image_918.jpg,0
Image_919.jpg,2
Image_920.jpg,2
Image_921.jpg,0
Image_922.jpg,3
Image_923.jpg,0
Image_924.jpg,1
Image_925.jpg,0
Image_926.jpg,2
Image_927.jpg,2
Image_928.jpg,1
Image_929.jpg,0
Image_930.jpg,0
Image_931.jpg,0
Image_932.jpg,2
Image_933.jpg,2
Image_934.jpg,2
Image_935.jpg,0
Image_936.jpg,1
Image_937.jpg,0
Image_938.jpg,3
Image_939.jpg,1
Image_940.jpg,3
Image_941.jpg,0
Image_942.jpg,0
Image_943.jpg,3
Image_944.jpg,0
Image_945.jpg,3
Image_946.jpg,3
Image_947.jpg,2
Image_948.jpg,4
Image_949.jpg,0
Image_950.jpg,1
Image_951.jpg,0
Image_952.jpg,0
Image_953.jpg,2
Image_954.jpg,1
Image_955.jpg,2
Image_956.jpg,2
Image_957.jpg,0
Image_958.jpg,3
Image_959.jpg,1
Image_960.jpg,2
Image_961.jpg,0
Image_962.jpg,2
Image_963.jpg,0
Image_964.jpg,2
Image_965.jpg,2
Image_966.jpg,0
Image_967.jpg,0
Image_968.jpg,1
Image_969.jpg,0
Image_970.jpg,0
Image_971.jpg,2
Image_972.jpg,1
Image_973.jpg,4
Image_974.jpg,2
Image_975.jpg,2
Image_976.jpg,0
Image_977.jpg,2
Image_978.jpg,3
Image_979.jpg,2
Image_980.jpg,2
Image_981.jpg,0
Image_982.jpg,2
Image_983.jpg,3
Image_984.jpg,0
Image_985.jpg,1
Image_986.jpg,0
Image_987.jpg,0
Image_988.jpg,1
Image_989.jpg,0
Image_990.jpg,3
Image_991.jpg,2
Image_992.jpg,0
Image_993.jpg,3
Image_994.jpg,2
Image_995.jpg,0
Image_996.jpg,0
Image_997.jpg,0
Image_998.jpg,2
Image_999.jpg,1
Image_1000.jpg,0
Image_1001.jpg,0
Image_1002.jpg,1
Image_1003.jpg,0
Image_1004.jpg,2
Image_1005.jpg,0
Image_1006.jpg,2
Image_1007.jpg,2
Image_1008.jpg,3
Image_1009.jpg,0
Image_1010.jpg,0
Image_1011.jpg,0
Image_1012.jpg,0
Image_1013.jpg,1
Image_1014.jpg,0
Image_1015.jpg,4
Image_1016.jpg,0
Image_1017.jpg,0
Image_1018.jpg,0
Image_1019.jpg,2
Image_1020.jpg,4
Image_1021.jpg,0
Image_1022.jpg,4
Image_1023.jpg,1
Image_1024.jpg,1
Image_1025.jpg,2
Image_1026.jpg,1
Image_1027.jpg,0
Image_1028.jpg,1
Image_1029.jpg,1
Image_1030.jpg,1
Image_1031.jpg,3
Image_1032.jpg,2
Image_1033.jpg,0
Image_1034.jpg,0
Image_1035.jpg,0
Image_1036.jpg,1
Image_1037.jpg,0
Image_1038.jpg,2
Image_1039.jpg,0
Image_1040.jpg,0
Image_1041.jpg,0
Image_1042.jpg,3
Image_1043.jpg,1
Image_1044.jpg,2
Image_1045.jpg,1
Image_1046.jpg,2
Image_1047.jpg,2
Image_1048.jpg,1
Image_1049.jpg,0
Image_1050.jpg,1
Image_1051.jpg,2
Image_1052.jpg,2
Image_1053.jpg,0
Image_1054.jpg,1
Image_1055.jpg,2
Image_1056.jpg,0
Image_1057.jpg,1
Image_1058.jpg,1
Image_1059.jpg,1
Image_1060.jpg,3
Image_1061.jpg,0
Image_1062.jpg,1
Image_1063.jpg,2
Image_1064.jpg,2
Image_1065.jpg,1
Image_1066.jpg,1
Image_1067.jpg,0
Image_1068.jpg,2
Image_1069.jpg,0
Image_1070.jpg,1
Image_1071.jpg,3
Image_1072.jpg,0
Image_1073.jpg,0
Image_1074.jpg,2
Image_1075.jpg,0
Image_1076.jpg,1
Image_1077.jpg,3
Image_1078.jpg,2
Image_1079.jpg,2
Image_1080.jpg,0
Image_1081.jpg,3
Image_1082.jpg,2
Image_1083.jpg,1
Image_1084.jpg,2
Image_1085.jpg,3
Image_1086.jpg,0
Image_1087.jpg,0
Image_1088.jpg,0
Image_1089.jpg,4
Image_1090.jpg,2
Image_1091.jpg,0
Image_1092.jpg,2
Image_1093.jpg,0
Image_1094.jpg,0
Image_1095.jpg,2
Image_1096.jpg,0
Image_1097.jpg,0
Image_1098.jpg,1
Image_1099.jpg,3
Image_1100.jpg,1
Image_1101.jpg,1
Image_1102.jpg,3
Image_1103.jpg,0
Image_1104.jpg,0
Image_1105.jpg,0
Image_1106.jpg,2
Image_1107.jpg,0
Image_1108.jpg,3
Image_1109.jpg,2
Image_1110.jpg,1
Image_1111.jpg,3
Image_1112.jpg,1
Image_1113.jpg,4
Image_1114.jpg,0
Image_1115.jpg,0
Image_1116.jpg,2
Image_1117.jpg,1
Image_1118.jpg,3
Image_1119.jpg,0
Image_1120.jpg,0
Image_1121.jpg,0
Image_1122.jpg,0
Image_1123.jpg,0
Image_1124.jpg,4
Image_1125.jpg,3
Image_1126.jpg,1
Image_1127.jpg,1
Image_1128.jpg,2
Image_1129.jpg,2
Image_1130.jpg,1
Image_1131.jpg,0
Image_1132.jpg,1
Image_1133.jpg,3
Image_1134.jpg,0
Image_1135.jpg,0
Image_1136.jpg,0
Image_1137.jpg,2
Image_1138.jpg,2
Image_1139.jpg,0
Image_1140.jpg,0
Image_1141.jpg,0
Image_1142.jpg,0
Image_1143.jpg,1
Image_1144.jpg,1
Image_1145.jpg,2
Image_1146.jpg,2
Image_1147.jpg,0
Image_1148.jpg,3
Image_1149.jpg,0
Image_1150.jpg,3
Image_1151.jpg,2
Image_1152.jpg,1
Image_1153.jpg,0
Image_1154.jpg,3
Image_1155.jpg,1
Image_1156.jpg,2
Image_1157.jpg,0
Image_1158.jpg,2
Image_1159.jpg,0
Image_1160.jpg,2
Image_1161.jpg,0
Image_1162.jpg,0
Image_1163.jpg,3
Image_1164.jpg,2
Image_1165.jpg,0
Image_1166.jpg,1
Image_1167.jpg,0
Image_1168.jpg,3
Image_1169.jpg,1
Image_1170.jpg,0
Image_1171.jpg,0
Image_1172.jpg,1
Image_1173.jpg,1
Image_1174.jpg,1
Image_1175.jpg,0
Image_1176.jpg,4
Image_1177.jpg,2
Image_1178.jpg,2
Image_1179.jpg,1
Image_1180.jpg,2
Image_1181.jpg,0
Image_1182.jpg,0
Image_1183.jpg,0
Image_1184.jpg,0
Image_1185.jpg,1
Image_1186.jpg,2
Image_1187.jpg,1
Image_1188.jpg,0
Image_1189.jpg,2
Image_1190.jpg,3
Image_1191.jpg,4
Image_1192.jpg,1
Image_1193.jpg,1
Image_1194.jpg,1
Image_1195.jpg,0
Image_1196.jpg,2
Image_1197.jpg,0
Image_1198.jpg,3
Image_1199.jpg,2
Image_1200.jpg,3
Image_1201.jpg,1
Image_1202.jpg,3
Image_1203.jpg,2
Image_1204.jpg,3
Image_1205.jpg,0
Image_1206.jpg,0
Image_1207.jpg,3
Image_1208.jpg,0
Image_1209.jpg,0
Image_1210.jpg,0
Image_1211.jpg,0
Image_1212.jpg,0
Image_1213.jpg,2
Image_1214.jpg,1
Image_1215.jpg,1
Image_1216.jpg,2
Image_1217.jpg,3
Image_1218.jpg,3
Image_1219.jpg,3
Image_1220.jpg,2
Image_1221.jpg,2
Image_1222.jpg,2
Image_1223.jpg,2
Image_1224.jpg,2
Image_1225.jpg,2
Image_1226.jpg,0
Image_1227.jpg,2
Image_1228.jpg,0
Image_1229.jpg,2
Image_1230.jpg,0
Image_1231.jpg,2
Image_1232.jpg,4
Image_1233.jpg,0
Image_1234.jpg,2
Image_1235.jpg,0
Image_1236.jpg,2
Image_1237.jpg,2
Image_1238.jpg,3
Image_1239.jpg,3
Image_1240.jpg,1
Image_1241.jpg,2
Image_1242.jpg,2
Image_1243.jpg,0
Image_1244.jpg,2
Image_1245.jpg,0
Image_1246.jpg,1
Image_1247.jpg,1
Image_1248.jpg,1
Image_1249.jpg,1
Image_1250.jpg,0
Image_1251.jpg,0
Image_1252.jpg,0
Image_1253.jpg,0
Image_1254.jpg,0
Image_1255.jpg,3
Image_1256.jpg,0
Image_1257.jpg,3
Image_1258.jpg,2
Image_1259.jpg,2
Image_1260.jpg,2
Image_1261.jpg,1
Image_1262.jpg,2
Image_1263.jpg,3
Image_1264.jpg,3
Image_1265.jpg,2
Image_1266.jpg,3
Image_1267.jpg,2
Image_1268.jpg,3
Image_1269.jpg,1
Image_1270.jpg,1
Image_1271.jpg,2
Image_1272.jpg,0
Image_1273.jpg,1
Image_1274.jpg,2
Image_1275.jpg,1
Image_1276.jpg,1
Image_1277.jpg,1
Image_1278.jpg,3
Image_1279.jpg,2
Image_1280.jpg,2
Image_1281.jpg,0
Image_1282.jpg,0
Image_1283.jpg,0
Image_1284.jpg,1
Image_1285.jpg,0
Image_1286.jpg,3
Image_1287.jpg,1
Image_1288.jpg,0
Image_1289.jpg,3
Image_1290.jpg,1
Image_1291.jpg,0
Image_1292.jpg,0
Image_1293.jpg,1
Image_1294.jpg,2
Image_1295.jpg,2
Image_1296.jpg,0
Image_1297.jpg,0
Image_1298.jpg,0
Image_1299.jpg,0
Image_1300.jpg,2
Image_1301.jpg,0
Image_1302.jpg,0
Image_1303.jpg,0
Image_1304.jpg,0
Image_1305.jpg,0
Image_1306.jpg,0
Image_1307.jpg,3
Image_1308.jpg,0
Image_1309.jpg,2
Image_1310.jpg,0
Image_1311.jpg,1
Image_1312.jpg,0
Image_1313.jpg,3
Image_1314.jpg,3
Image_1315.jpg,2
Image_1316.jpg,2
Image_1317.jpg,2
Image_1318.jpg,1
Image_1319.jpg,2
Image_1320.jpg,2
Image_1321.jpg,4
Image_1322.jpg,2
Image_1323.jpg,2
Image_1324.jpg,3
Image_1325.jpg,0
Image_1326.jpg,0
Image_1327.jpg,0
Image_1328.jpg,1
Image_1329.jpg,0
Image_1330.jpg,0
Image_1331.jpg,0
Image_1332.jpg,0
Image_1333.jpg,2
Image_1334.jpg,2
Image_1335.jpg,4
Image_1336.jpg,0
Image_1337.jpg,0
Image_1338.jpg,2
Image_1339.jpg,3
Image_1340.jpg,0
Image_1341.jpg,2
Image_1342.jpg,4
Image_1343.jpg,3
Image_1344.jpg,4
Image_1345.jpg,0
Image_1346.jpg,3
Image_1347.jpg,1
Image_1348.jpg,2
Image_1349.jpg,0
Image_1350.jpg,3
Image_1351.jpg,1
Image_1352.jpg,0
Image_1353.jpg,2
Image_1354.jpg,1
Image_1355.jpg,1
Image_1356.jpg,0
Image_1357.jpg,0
Image_1358.jpg,2
Image_1359.jpg,0
Image_1360.jpg,1
Image_1361.jpg,0
Image_1362.jpg,2
Image_1363.jpg,0
Image_1364.jpg,3
Image_1365.jpg,3
Image_1366.jpg,2
Image_1367.jpg,2
Image_1368.jpg,0
Image_1369.jpg,0
Image_1370.jpg,0
Image_1371.jpg,2
Image_1372.jpg,0
Image_1373.jpg,0
Image_1374.jpg,0
Image_1375.jpg,3
Image_1376.jpg,3
Image_1377.jpg,1
Image_1378.jpg,3
Image_1379.jpg,3
Image_1380.jpg,2
Image_1381.jpg,0
Image_1382.jpg,2
Image_1383.jpg,0
Image_1384.jpg,2
Image_1385.jpg,1
Image_1386.jpg,2
Image_1387.jpg,2
Image_1388.jpg,3
Image_1389.jpg,3
Image_1390.jpg,3
Image_1391.jpg,2
Image_1392.jpg,0
Image_1393.jpg,0
Image_1394.jpg,0
Image_1395.jpg,3
Image_1396.jpg,0
Image_1397.jpg,1
Image_1398.jpg,1
Image_1399.jpg,0
Image_1400.jpg,0
Image_1401.jpg,3
Image_1402.jpg,1
Image_1403.jpg,0
Image_1404.jpg,2
Image_1405.jpg,3
Image_1406.jpg,2
Image_1407.jpg,1
Image_1408.jpg,2
Image_1409.jpg,3
Image_1410.jpg,1
Image_1411.jpg,0
Image_1412.jpg,0
Image_1413.jpg,0
Image_1414.jpg,0
Image_1415.jpg,2
Image_1416.jpg,0
Image_1417.jpg,1
Image_1418.jpg,0
Image_1419.jpg,3
Image_1420.jpg,2
Image_1421.jpg,1
Image_1422.jpg,2
Image_1423.jpg,2
Image_1424.jpg,2
Image_1425.jpg,0
Image_1426.jpg,2
Image_1427.jpg,3
Image_1428.jpg,2
Image_1429.jpg,3
Image_1430.jpg,3
Image_1431.jpg,2
Image_1432.jpg,0
Image_1433.jpg,2
Image_1434.jpg,0
Image_1435.jpg,2
Image_1436.jpg,0
Image_1437.jpg,1
Image_1438.jpg,2
Image_1439.jpg,4
Image_1440.jpg,0
Image_1441.jpg,0
Image_1442.jpg,3
Image_1443.jpg,0
Image_1444.jpg,1
Image_1445.jpg,0
Image_1446.jpg,2
Image_1447.jpg,0
Image_1448.jpg,1
Image_1449.jpg,0
Image_1450.jpg,1
Image_1451.jpg,3
Image_1452.jpg,0
Image_1453.jpg,2
Image_1454.jpg,2
Image_1455.jpg,0
Image_1456.jpg,0
Image_1457.jpg,2
Image_1458.jpg,1
Image_1459.jpg,2
Image_1460.jpg,1
Image_1461.jpg,2
Image_1462.jpg,0
Image_1463.jpg,0
Image_1464.jpg,2
Image_1465.jpg,0
Image_1466.jpg,2
Image_1467.jpg,0
Image_1468.jpg,0
Image_1469.jpg,0
Image_1470.jpg,1
Image_1471.jpg,0
Image_1472.jpg,2
Image_1473.jpg,1
Image_1474.jpg,0
Image_1475.jpg,2
Image_1476.jpg,1
Image_1477.jpg,1
Image_1478.jpg,0
Image_1479.jpg,2
Image_1480.jpg,3
Image_1481.jpg,0
Image_1482.jpg,1
Image_1483.jpg,0
Image_1484.jpg,0
Image_1485.jpg,2
Image_1486.jpg,2
Image_1487.jpg,0
Image_1488.jpg,0
Image_1489.jpg,3
Image_1490.jpg,3
Image_1491.jpg,3
Image_1492.jpg,0
Image_1493.jpg,0
Image_1494.jpg,1
Image_1495.jpg,0
Image_1496.jpg,3
Image_1497.jpg,0
Image_1498.jpg,2
Image_1499.jpg,0
Image_1500.jpg,0
Image_1501.jpg,0
Image_1502.jpg,2
Image_1503.jpg,3
Image_1504.jpg,2
Image_1505.jpg,1
Image_1506.jpg,0
Image_1507.jpg,0
Image_1508.jpg,2
Image_1509.jpg,0
Image_1510.jpg,3
Image_1511.jpg,2
Image_1512.jpg,2
Image_1513.jpg,1
Image_1514.jpg,1
Image_1515.jpg,0
Image_1516.jpg,2
Image_1517.jpg,0
Image_1518.jpg,2
Image_1519.jpg,1
Image_1520.jpg,3
Image_1521.jpg,0
Image_1522.jpg,2
Image_1523.jpg,1
Image_1524.jpg,0
Image_1525.jpg,0
Image_1526.jpg,0
Image_1527.jpg,3
Image_1528.jpg,0
Image_1529.jpg,0
Image_1530.jpg,2
Image_1531.jpg,0
Image_1532.jpg,2
Image_1533.jpg,0
Image_1534.jpg,1
Image_1535.jpg,1
Image_1536.jpg,0
Image_1537.jpg,0
Image_1538.jpg,2
Image_1539.jpg,0
Image_1540.jpg,1
Image_1541.jpg,0
Image_1542.jpg,0
Image_1543.jpg,0
Image_1544.jpg,0
Image_1545.jpg,3
Image_1546.jpg,1
Image_1547.jpg,1
Image_1548.jpg,1
Image_1549.jpg,3
Image_1550.jpg,2
Image_1551.jpg,3
Image_1552.jpg,0
Image_1553.jpg,2
Image_1554.jpg,0
Image_1555.jpg,2
Image_1556.jpg,0
Image_1557.jpg,1
Image_1558.jpg,0
Image_1559.jpg,0
Image_1560.jpg,2
Image_1561.jpg,4
Image_1562.jpg,0
Image_1563.jpg,0
Image_1564.jpg,2
Image_1565.jpg,2
Image_1566.jpg,1
Image_1567.jpg,1
Image_1568.jpg,0
Image_1569.jpg,0
Image_1570.jpg,3
Image_1571.jpg,0
Image_1572.jpg,0
Image_1573.jpg,2
Image_1574.jpg,2
Image_1575.jpg,4
Image_1576.jpg,2
Image_1577.jpg,0
Image_1578.jpg,3
Image_1579.jpg,2
Image_1580.jpg,4
Image_1581.jpg,0
Image_1582.jpg,0
Image_1583.jpg,2
Image_1584.jpg,2
Image_1585.jpg,1
Image_1586.jpg,2
Image_1587.jpg,1
Image_1588.jpg,0
Image_1589.jpg,3
Image_1590.jpg,1
Image_1591.jpg,3
Image_1592.jpg,1
Image_1593.jpg,0
Image_1594.jpg,2
Image_1595.jpg,1
Image_1596.jpg,1
Image_1597.jpg,0
Image_1598.jpg,2
Image_1599.jpg,0
Image_1600.jpg,2
Image_1601.jpg,0
Image_1602.jpg,2
Image_1603.jpg,3
Image_1604.jpg,3
Image_1605.jpg,0
Image_1606.jpg,1
Image_1607.jpg,0
Image_1608.jpg,2
Image_1609.jpg,0
Image_1610.jpg,0
Image_1611.jpg,2
Image_1612.jpg,2
Image_1613.jpg,0
Image_1614.jpg,0
Image_1615.jpg,2
Image_1616.jpg,3
Image_1617.jpg,1
Image_1618.jpg,0
Image_1619.jpg,0
Image_1620.jpg,1
Image_1621.jpg,1
Image_1622.jpg,0
Image_1623.jpg,2
Image_1624.jpg,2
Image_1625.jpg,1
Image_1626.jpg,3
Image_1627.jpg,0
Image_1628.jpg,3
Image_1629.jpg,3
Image_1630.jpg,1
Image_1631.jpg,0
Image_1632.jpg,3
Image_1633.jpg,0
Image_1634.jpg,0
Image_1635.jpg,0
Image_1636.jpg,3
Image_1637.jpg,0
Image_1638.jpg,2
Image_1639.jpg,3
Image_1640.jpg,1
Image_1641.jpg,0
Image_1642.jpg,1
Image_1643.jpg,2
Image_1644.jpg,0
Image_1645.jpg,3
Image_1646.jpg,0
Image_1647.jpg,0
Image_1648.jpg,1
Image_1649.jpg,1
Image_1650.jpg,0
Image_1651.jpg,2
Image_1652.jpg,2
Image_1653.jpg,1
Image_1654.jpg,0
Image_1655.jpg,1
Image_1656.jpg,1
Image_1657.jpg,3
Image_1658.jpg,3
Image_1659.jpg,3
Image_1660.jpg,3
Image_1661.jpg,0
Image_1662.jpg,1
Image_1663.jpg,2
Image_1664.jpg,3
Image_1665.jpg,3
Image_1666.jpg,0
Image_1667.jpg,0
Image_1668.jpg,2
Image_1669.jpg,0
Image_1670.jpg,0
Image_1671.jpg,2
Image_1672.jpg,0
Image_1673.jpg,2
Image_1674.jpg,2
Image_1675.jpg,0
Image_1676.jpg,1
Image_1677.jpg,0
Image_1678.jpg,2
Image_1679.jpg,0
Image_1680.jpg,0
Image_1681.jpg,0
Image_1682.jpg,3
Image_1683.jpg,0
Image_1684.jpg,1
Image_1685.jpg,3
Image_1686.jpg,3
Image_1687.jpg,2
Image_1688.jpg,0
Image_1689.jpg,2
Image_1690.jpg,1
Image_1691.jpg,3
Image_1692.jpg,0
Image_1693.jpg,2
Image_1694.jpg,3
Image_1695.jpg,0
Image_1696.jpg,4
Image_1697.jpg,0
Image_1698.jpg,0
Image_1699.jpg,0
Image_1700.jpg,2
Image_1701.jpg,0
Image_1702.jpg,1
Image_1703.jpg,2
Image_1704.jpg,1
Image_1705.jpg,0
Image_1706.jpg,0
Image_1707.jpg,0
Image_1708.jpg,3
Image_1709.jpg,0
Image_1710.jpg,0
Image_1711.jpg,3
Image_1712.jpg,0
Image_1713.jpg,0
Image_1714.jpg,3
Image_1715.jpg,2
Image_1716.jpg,0
Image_1717.jpg,0
Image_1718.jpg,0
Image_1719.jpg,1
Image_1720.jpg,2
Image_1721.jpg,0
Image_1722.jpg,1
Image_1723.jpg,2
Image_1724.jpg,0
Image_1725.jpg,0
Image_1726.jpg,2
Image_1727.jpg,0
Image_1728.jpg,0
Image_1729.jpg,1
Image_1730.jpg,3
Image_1731.jpg,3
Image_1732.jpg,2
Image_1733.jpg,2
Image_1734.jpg,2
Image_1735.jpg,2
Image_1736.jpg,0
Image_1737.jpg,1
Image_1738.jpg,0
Image_1739.jpg,0
Image_1740.jpg,2
Image_1741.jpg,0
Image_1742.jpg,1
Image_1743.jpg,2
Image_1744.jpg,2
Image_1745.jpg,0
Image_1746.jpg,0
Image_1747.jpg,0
Image_1748.jpg,2
Image_1749.jpg,3
Image_1750.jpg,2
Image_1751.jpg,0
Image_1752.jpg,1
Image_1753.jpg,0
Image_1754.jpg,1
Image_1755.jpg,3
Image_1756.jpg,0
Image_1757.jpg,0
Image_1758.jpg,1
Image_1759.jpg,0
Image_1760.jpg,2
Image_1761.jpg,0
Image_1762.jpg,2
Image_1763.jpg,3
Image_1764.jpg,0
Image_1765.jpg,2
Image_1766.jpg,0
Image_1767.jpg,0
Image_1768.jpg,3
Image_1769.jpg,0
Image_1770.jpg,2
Image_1771.jpg,2
Image_1772.jpg,0
Image_1773.jpg,0
Image_1774.jpg,1
Image_1775.jpg,1
Image_1776.jpg,3
Image_1777.jpg,1
Image_1778.jpg,2
Image_1779.jpg,0
Image_1780.jpg,0
Image_1781.jpg,0
Image_1782.jpg,2
Image_1783.jpg,1
Image_1784.jpg,0
Image_1785.jpg,0
Image_1786.jpg,2
Image_1787.jpg,3
Image_1788.jpg,1
Image_1789.jpg,0
Image_1790.jpg,2
Image_1791.jpg,2
Image_1792.jpg,0
Image_1793.jpg,4
Image_1794.jpg,0
Image_1795.jpg,0
Image_1796.jpg,2
Image_1797.jpg,2
Image_1798.jpg,3
Image_1799.jpg,2
Image_1800.jpg,2
Image_1801.jpg,2
Image_1802.jpg,1
Image_1803.jpg,0
Image_1804.jpg,0
Image_1805.jpg,1
Image_1806.jpg,0
Image_1807.jpg,0
Image_1808.jpg,2
Image_1809.jpg,0
Image_1810.jpg,4
Image_1811.jpg,0
Image_1812.jpg,1
Image_1813.jpg,2
Image_1814.jpg,0
Image_1815.jpg,0
Image_1816.jpg,1
Image_1817.jpg,0
Image_1818.jpg,2
Image_1819.jpg,0
Image_1820.jpg,2
Image_1821.jpg,4
Image_1822.jpg,4
Image_1823.jpg,3
Image_1824.jpg,0
Image_1825.jpg,2
Image_1826.jpg,0
Image_1827.jpg,3
Image_1828.jpg,2
Image_1829.jpg,1
Image_1830.jpg,1
Image_1831.jpg,0
Image_1832.jpg,1
Image_1833.jpg,0
Image_1834.jpg,0
Image_1835.jpg,0
Image_1836.jpg,2
Image_1837.jpg,0
Image_1838.jpg,3
Image_1839.jpg,1
Image_1840.jpg,1
Image_1841.jpg,2
Image_1842.jpg,0
Image_1843.jpg,1
Image_1844.jpg,2
Image_1845.jpg,0
Image_1846.jpg,3
Image_1847.jpg,2
Image_1848.jpg,2
Image_1849.jpg,4
Image_1850.jpg,3
Image_1851.jpg,2
Image_1852.jpg,1
Image_1853.jpg,2
Image_1854.jpg,1
Image_1855.jpg,1
Image_1856.jpg,0
Image_1857.jpg,2
Image_1858.jpg,0
Image_1859.jpg,1
Image_1860.jpg,2
Image_1861.jpg,0
Image_1862.jpg,0
Image_1863.jpg,2
Image_1864.jpg,1
Image_1865.jpg,2
Image_1866.jpg,3
Image_1867.jpg,0
Image_1868.jpg,3
Image_1869.jpg,1
Image_1870.jpg,3
Image_1871.jpg,0
Image_1872.jpg,2
Image_1873.jpg,3
Image_1874.jpg,2
Image_1875.jpg,0
Image_1876.jpg,0
Image_1877.jpg,0
Image_1878.jpg,0
Image_1879.jpg,1
Image_1880.jpg,2
Image_1881.jpg,2
Image_1882.jpg,0
Image_1883.jpg,1
Image_1884.jpg,2
Image_1885.jpg,0
Image_1886.jpg,0
Image_1887.jpg,0
Image_1888.jpg,3
Image_1889.jpg,3
Image_1890.jpg,2
Image_1891.jpg,0
Image_1892.jpg,0
Image_1893.jpg,0
Image_1894.jpg,0
Image_1895.jpg,2
Image_1896.jpg,0
Image_1897.jpg,1
Image_1898.jpg,1
Image_1899.jpg,2
Image_1900.jpg,0
Image_1901.jpg,0
Image_1902.jpg,0
Image_1903.jpg,0
Image_1904.jpg,0
Image_1905.jpg,0
Image_1906.jpg,0
Image_1907.jpg,0
Image_1908.jpg,1
Image_1909.jpg,0
Image_1910.jpg,1
Image_1911.jpg,2
Image_1912.jpg,0
Image_1913.jpg,1
Image_1914.jpg,2
Image_1915.jpg,0
Image_1916.jpg,0
Image_1917.jpg,0
Image_1918.jpg,4
Image_1919.jpg,2
Image_1920.jpg,1
Image_1921.jpg,1
Image_1922.jpg,2
Image_1923.jpg,0
Image_1924.jpg,0
Image_1925.jpg,3
Image_1926.jpg,2
Image_1927.jpg,1
Image_1928.jpg,2
Image_1929.jpg,0
Image_1930.jpg,2
Image_1931.jpg,2
Image_1932.jpg,0
Image_1933.jpg,0
Image_1934.jpg,0
Image_1935.jpg,1
Image_1936.jpg,0
Image_1937.jpg,0
Image_1938.jpg,1
Image_1939.jpg,1
Image_1940.jpg,0
Image_1941.jpg,4
Image_1942.jpg,0
Image_1943.jpg,3
Image_1944.jpg,2
Image_1945.jpg,2
Image_1946.jpg,2
Image_1947.jpg,2
Image_1948.jpg,2
Image_1949.jpg,0
Image_1950.jpg,0
Image_1951.jpg,2
Image_1952.jpg,0
Image_1953.jpg,3
Image_1954.jpg,0
Image_1955.jpg,2
Image_1956.jpg,2
Image_1957.jpg,0
Image_1958.jpg,2
Image_1959.jpg,0
Image_1960.jpg,2
Image_1961.jpg,1
Image_1962.jpg,0
Image_1963.jpg,0
Image_1964.jpg,0
Image_1965.jpg,2
Image_1966.jpg,1
Image_1967.jpg,0
Image_1968.jpg,0
Image_1969.jpg,2
Image_1970.jpg,4
Image_1971.jpg,0
Image_1972.jpg,1
Image_1973.jpg,0
Image_1974.jpg,0
Image_1975.jpg,2
Image_1976.jpg,1
Image_1977.jpg,2
Image_1978.jpg,0
Image_1979.jpg,0
Image_1980.jpg,0
Image_1981.jpg,1
Image_1982.jpg,2
Image_1983.jpg,1
Image_1984.jpg,1
Image_1985.jpg,0
Image_1986.jpg,0
Image_1987.jpg,0
Image_1988.jpg,0
Image_1989.jpg,2
Image_1990.jpg,0
Image_1991.jpg,1
Image_1992.jpg,4
Image_1993.jpg,2
Image_1994.jpg,2
Image_1995.jpg,1
Image_1996.jpg,2
Image_1997.jpg,2
Image_1998.jpg,2
Image_1999.jpg,1
Image_2000.jpg,0
Image_2001.jpg,3
Image_2002.jpg,1
Image_2003.jpg,0
Image_2004.jpg,0
Image_2005.jpg,0
Image_2006.jpg,3
Image_2007.jpg,2
Image_2008.jpg,2
Image_2009.jpg,0
Image_2010.jpg,0
Image_2011.jpg,2
Image_2012.jpg,2
Image_2013.jpg,0
Image_2014.jpg,2
Image_2015.jpg,2
Image_2016.jpg,2
Image_2017.jpg,0
Image_2018.jpg,0
Image_2019.jpg,2
Image_2020.jpg,2
Image_2021.jpg,1
Image_2022.jpg,3
Image_2023.jpg,3
Image_2024.jpg,2
Image_2025.jpg,1
Image_2026.jpg,1
Image_2027.jpg,1
Image_2028.jpg,2
Image_2029.jpg,3
Image_2030.jpg,2
Image_2031.jpg,1
Image_2032.jpg,1
Image_2033.jpg,2
Image_2034.jpg,0
Image_2035.jpg,0
Image_2036.jpg,2
Image_2037.jpg,2
Image_2038.jpg,2
Image_2039.jpg,0
Image_2040.jpg,1
Image_2041.jpg,1
Image_2042.jpg,1
Image_2043.jpg,2
Image_2044.jpg,0
Image_2045.jpg,2
Image_2046.jpg,2
Image_2047.jpg,1
Image_2048.jpg,1
Image_2049.jpg,2
Image_2050.jpg,0
Image_2051.jpg,0
Image_2052.jpg,0
Image_2053.jpg,3
Image_2054.jpg,0
Image_2055.jpg,2
Image_2056.jpg,0
Image_2057.jpg,0
Image_2058.jpg,0
Image_2059.jpg,1
Image_2060.jpg,2
Image_2061.jpg,2
Image_2062.jpg,3
Image_2063.jpg,0
Image_2064.jpg,2
Image_2065.jpg,1
Image_2066.jpg,2
Image_2067.jpg,2
Image_2068.jpg,1
Image_2069.jpg,0
Image_2070.jpg,0
Image_2071.jpg,0
Image_2072.jpg,0
Image_2073.jpg,0
Image_2074.jpg,2
Image_2075.jpg,2
Image_2076.jpg,3
Image_2077.jpg,2
Image_2078.jpg,0
Image_2079.jpg,1
Image_2080.jpg,2
Image_2081.jpg,0
Image_2082.jpg,3
Image_2083.jpg,0
Image_2084.jpg,0
Image_2085.jpg,0
Image_2086.jpg,3
Image_2087.jpg,0
Image_2088.jpg,0
Image_2089.jpg,1
Image_2090.jpg,2
Image_2091.jpg,3
Image_2092.jpg,2
Image_2093.jpg,0
Image_2094.jpg,1
Image_2095.jpg,1
Image_2096.jpg,0
Image_2097.jpg,0
Image_2098.jpg,0
Image_2099.jpg,0
Image_2100.jpg,2
Image_2101.jpg,0
Image_2102.jpg,3
Image_2103.jpg,2
Image_2104.jpg,0
Image_2105.jpg,0
Image_2106.jpg,2
Image_2107.jpg,1
Image_2108.jpg,2
Image_2109.jpg,0
Image_2110.jpg,0
Image_2111.jpg,0
Image_2112.jpg,0
Image_2113.jpg,2
Image_2114.jpg,2
Image_2115.jpg,0
Image_2116.jpg,0
Image_2117.jpg,3
Image_2118.jpg,0
Image_2119.jpg,2
Image_2120.jpg,0
Image_2121.jpg,0
Image_2122.jpg,1
Image_2123.jpg,0
Image_2124.jpg,0
Image_2125.jpg,3
Image_2126.jpg,0
Image_2127.jpg,0
Image_2128.jpg,0
Image_2129.jpg,0
Image_2130.jpg,2
Image_2131.jpg,2
Image_2132.jpg,0
Image_2133.jpg,4
Image_2134.jpg,3
Image_2135.jpg,3
Image_2136.jpg,0
Image_2137.jpg,1
Image_2138.jpg,0
Image_2139.jpg,4
Image_2140.jpg,2
Image_2141.jpg,1
Image_2142.jpg,2
Image_2143.jpg,1
Image_2144.jpg,0
Image_2145.jpg,2
Image_2146.jpg,0
Image_2147.jpg,2
Image_2148.jpg,1
Image_2149.jpg,2
Image_2150.jpg,2
Image_2151.jpg,1
Image_2152.jpg,0
Image_2153.jpg,0
Image_2154.jpg,0
Image_2155.jpg,2
Image_2156.jpg,3
Image_2157.jpg,2
Image_2158.jpg,1
Image_2159.jpg,3
Image_2160.jpg,0
Image_2161.jpg,1
Image_2162.jpg,0
Image_2163.jpg,0
Image_2164.jpg,3
Image_2165.jpg,0
Image_2166.jpg,1
Image_2167.jpg,0
Image_2168.jpg,1
Image_2169.jpg,3
Image_2170.jpg,0
Image_2171.jpg,2
Image_2172.jpg,2
Image_2173.jpg,0
Image_2174.jpg,3
Image_2175.jpg,0
Image_2176.jpg,1
Image_2177.jpg,1
Image_2178.jpg,0
Image_2179.jpg,0
Image_2180.jpg,1
Image_2181.jpg,0
Image_2182.jpg,1
Image_2183.jpg,1
Image_2184.jpg,3
Image_2185.jpg,2
Image_2186.jpg,0
Image_2187.jpg,0
Image_2188.jpg,2
Image_2189.jpg,2
Image_2190.jpg,1
Image_2191.jpg,1
Image_2192.jpg,1
Image_2193.jpg,0
Image_2194.jpg,2
Image_2195.jpg,0
Image_2196.jpg,0
Image_2197.jpg,1
Image_2198.jpg,0
Image_2199.jpg,0
Image_2200.jpg,1
Image_2201.jpg,2
Image_2202.jpg,2
Image_2203.jpg,3
Image_2204.jpg,4
Image_2205.jpg,0
Image_2206.jpg,2
Image_2207.jpg,0
Image_2208.jpg,2
Image_2209.jpg,3
Image_2210.jpg,3
Image_2211.jpg,0
Image_2212.jpg,0
Image_2213.jpg,2
Image_2214.jpg,0
Image_2215.jpg,2
Image_2216.jpg,2
Image_2217.jpg,0
Image_2218.jpg,0
Image_2219.jpg,2
Image_2220.jpg,0
Image_2221.jpg,3
Image_2222.jpg,4
Image_2223.jpg,2
Image_2224.jpg,0
Image_2225.jpg,1
Image_2226.jpg,2
Image_2227.jpg,0
Image_2228.jpg,0
Image_2229.jpg,3
Image_2230.jpg,0
Image_2231.jpg,3
Image_2232.jpg,2
Image_2233.jpg,2
Image_2234.jpg,2
Image_2235.jpg,4
Image_2236.jpg,0
Image_2237.jpg,0
Image_2238.jpg,2
Image_2239.jpg,2
Image_2240.jpg,1
Image_2241.jpg,2
Image_2242.jpg,3
Image_2243.jpg,3
Image_2244.jpg,2
Image_2245.jpg,0
Image_2246.jpg,2
Image_2247.jpg,2
Image_2248.jpg,2
Image_2249.jpg,1
Image_2250.jpg,0
Image_2251.jpg,0
Image_2252.jpg,0
Image_2253.jpg,1
Image_2254.jpg,2
Image_2255.jpg,2
Image_2256.jpg,0
Image_2257.jpg,0
Image_2258.jpg,1
Image_2259.jpg,1
Image_2260.jpg,1
Image_2261.jpg,0
Image_2262.jpg,2
Image_2263.jpg,2
Image_2264.jpg,0
Image_2265.jpg,1
Image_2266.jpg,0
Image_2267.jpg,0
Image_2268.jpg,1
Image_2269.jpg,0
Image_2270.jpg,3
Image_2271.jpg,0
Image_2272.jpg,0
Image_2273.jpg,0
Image_2274.jpg,0
Image_2275.jpg,1
Image_2276.jpg,1
Image_2277.jpg,3
Image_2278.jpg,0
Image_2279.jpg,0
Image_2280.jpg,0
Image_2281.jpg,2
Image_2282.jpg,1
Image_2283.jpg,0
Image_2284.jpg,0
Image_2285.jpg,0
Image_2286.jpg,1
Image_2287.jpg,0
Image_2288.jpg,2
Image_2289.jpg,0
Image_2290.jpg,4
Image_2291.jpg,0
Image_2292.jpg,2
Image_2293.jpg,0
Image_2294.jpg,0
Image_2295.jpg,3
Image_2296.jpg,0
Image_2297.jpg,3
Image_2298.jpg,2
Image_2299.jpg,3
Image_2300.jpg,1
Image_2301.jpg,1
Image_2302.jpg,2
Image_2303.jpg,2
Image_2304.jpg,0
Image_2305.jpg,2
Image_2306.jpg,2
Image_2307.jpg,0
Image_2308.jpg,3
Image_2309.jpg,0
Image_2310.jpg,0
Image_2311.jpg,1
Image_2312.jpg,3
Image_2313.jpg,0
Image_2314.jpg,0
Image_2315.jpg,0
Image_2316.jpg,2
Image_2317.jpg,4
Image_2318.jpg,3
Image_2319.jpg,4
Image_2320.jpg,2
Image_2321.jpg,2
Image_2322.jpg,3
Image_2323.jpg,2
Image_2324.jpg,1
Image_2325.jpg,0
Image_2326.jpg,2
Image_2327.jpg,0
Image_2328.jpg,2
Image_2329.jpg,3
Image_2330.jpg,0
Image_2331.jpg,2
Image_2332.jpg,0
Image_2333.jpg,2
Image_2334.jpg,1
Image_2335.jpg,1
Image_2336.jpg,1
Image_2337.jpg,2
Image_2338.jpg,0
Image_2339.jpg,2
Image_2340.jpg,0
Image_2341.jpg,0
Image_2342.jpg,0
Image_2343.jpg,2
Image_2344.jpg,0
Image_2345.jpg,2
Image_2346.jpg,2
Image_2347.jpg,1
Image_2348.jpg,2
Image_2349.jpg,1
Image_2350.jpg,3
Image_2351.jpg,2
Image_2352.jpg,0
Image_2353.jpg,3
Image_2354.jpg,2
Image_2355.jpg,0
Image_2356.jpg,2
Image_2357.jpg,0
Image_2358.jpg,0
Image_2359.jpg,1
Image_2360.jpg,2
Image_2361.jpg,0
Image_2362.jpg,3
Image_2363.jpg,0
Image_2364.jpg,0
Image_2365.jpg,3
Image_2366.jpg,2
Image_2367.jpg,0
Image_2368.jpg,0
Image_2369.jpg,2
Image_2370.jpg,0
Image_2371.jpg,1
Image_2372.jpg,2
Image_2373.jpg,0
Image_2374.jpg,0
Image_2375.jpg,0
Image_2376.jpg,0
Image_2377.jpg,2
Image_2378.jpg,0
Image_2379.jpg,1
Image_2380.jpg,2
Image_2381.jpg,3
Image_2382.jpg,0
Image_2383.jpg,2
Image_2384.jpg,0
Image_2385.jpg,3
Image_2386.jpg,0
Image_2387.jpg,0
Image_2388.jpg,1
Image_2389.jpg,1
Image_2390.jpg,1
Image_2391.jpg,0
Image_2392.jpg,0
Image_2393.jpg,0
Image_2394.jpg,2
Image_2395.jpg,1
Image_2396.jpg,1
Image_2397.jpg,2
Image_2398.jpg,0
Image_2399.jpg,0
Image_2400.jpg,0
Image_2401.jpg,1
Image_2402.jpg,0
Image_2403.jpg,0
Image_2404.jpg,1
Image_2405.jpg,1
Image_2406.jpg,0
Image_2407.jpg,2
Image_2408.jpg,1
Image_2409.jpg,1
Image_2410.jpg,0
Image_2411.jpg,3
Image_2412.jpg,2
Image_2413.jpg,0
Image_2414.jpg,0
Image_2415.jpg,0
Image_2416.jpg,2
Image_2417.jpg,1
Image_2418.jpg,2
Image_2419.jpg,0
Image_2420.jpg,2
Image_2421.jpg,3
Image_2422.jpg,2
Image_2423.jpg,2
Image_2424.jpg,0
Image_2425.jpg,0
Image_2426.jpg,1
Image_2427.jpg,0
Image_2428.jpg,0
Image_2429.jpg,2
Image_2430.jpg,2
Image_2431.jpg,2
Image_2432.jpg,0
Image_2433.jpg,2
Image_2434.jpg,1
Image_2435.jpg,3
Image_2436.jpg,2
Image_2437.jpg,3
Image_2438.jpg,0
Image_2439.jpg,2
Image_2440.jpg,3
Image_2441.jpg,2
Image_2442.jpg,3
Image_2443.jpg,0
Image_2444.jpg,3
Image_2445.jpg,0
Image_2446.jpg,2
Image_2447.jpg,0
Image_2448.jpg,4
Image_2449.jpg,3
Image_2450.jpg,0
Image_2451.jpg,2
Image_2452.jpg,3
Image_2453.jpg,2
Image_2454.jpg,1
Image_2455.jpg,0
Image_2456.jpg,3
Image_2457.jpg,1
Image_2458.jpg,1
Image_2459.jpg,2
Image_2460.jpg,0
Image_2461.jpg,3
Image_2462.jpg,3
Image_2463.jpg,4
Image_2464.jpg,0
Image_2465.jpg,0
Image_2466.jpg,2
Image_2467.jpg,2
Image_2468.jpg,0
Image_2469.jpg,0
Image_2470.jpg,0
Image_2471.jpg,1
Image_2472.jpg,0
Image_2473.jpg,0
Image_2474.jpg,0
Image_2475.jpg,0
Image_2476.jpg,2
Image_2477.jpg,0
Image_2478.jpg,1
Image_2479.jpg,0
Image_2480.jpg,1
Image_2481.jpg,3
Image_2482.jpg,0
Image_2483.jpg,0
Image_2484.jpg,2
Image_2485.jpg,2
Image_2486.jpg,1
Image_2487.jpg,1
Image_2488.jpg,0
Image_2489.jpg,0
Image_2490.jpg,1
Image_2491.jpg,3
Image_2492.jpg,3
Image_2493.jpg,3
Image_2494.jpg,0
Image_2495.jpg,2
Image_2496.jpg,0
Image_2497.jpg,0
Image_2498.jpg,3
Image_2499.jpg,0
Image_2500.jpg,0
Image_2501.jpg,3
Image_2502.jpg,4
Image_2503.jpg,0
Image_2504.jpg,3
Image_2505.jpg,1
Image_2506.jpg,2
Image_2507.jpg,3
Image_2508.jpg,0
Image_2509.jpg,1
Image_2510.jpg,0
Image_2511.jpg,3
Image_2512.jpg,2
Image_2513.jpg,3
Image_2514.jpg,2
Image_2515.jpg,1
Image_2516.jpg,0
Image_2517.jpg,0
Image_2518.jpg,0
Image_2519.jpg,0
Image_2520.jpg,0
Image_2521.jpg,0
Image_2522.jpg,0
Image_2523.jpg,1
Image_2524.jpg,0
Image_2525.jpg,0
Image_2526.jpg,2
Image_2527.jpg,0
Image_2528.jpg,3
Image_2529.jpg,0
Image_2530.jpg,2
Image_2531.jpg,1
Image_2532.jpg,1
Image_2533.jpg,0
Image_2534.jpg,0
Image_2535.jpg,1
Image_2536.jpg,4
Image_2537.jpg,4
Image_2538.jpg,3
Image_2539.jpg,2
Image_2540.jpg,1
Image_2541.jpg,1
Image_2542.jpg,0
Image_2543.jpg,0
Image_2544.jpg,0
Image_2545.jpg,3
Image_2546.jpg,0
Image_2547.jpg,3
Image_2548.jpg,0
Image_2549.jpg,2
Image_2550.jpg,1
Image_2551.jpg,3
Image_2552.jpg,1
Image_2553.jpg,0
Image_2554.jpg,2
Image_2555.jpg,0
Image_2556.jpg,3
Image_2557.jpg,0
Image_2558.jpg,2
Image_2559.jpg,0
Image_2560.jpg,1
Image_2561.jpg,1
Image_2562.jpg,2
Image_2563.jpg,1
Image_2564.jpg,0
Image_2565.jpg,2
Image_2566.jpg,2
Image_2567.jpg,3
Image_2568.jpg,3
Image_2569.jpg,2
Image_2570.jpg,0
Image_2571.jpg,0
Image_2572.jpg,0
Image_2573.jpg,1
Image_2574.jpg,1
Image_2575.jpg,2
Image_2576.jpg,2
Image_2577.jpg,0
Image_2578.jpg,0
Image_2579.jpg,0
Image_2580.jpg,0
Image_2581.jpg,1
Image_2582.jpg,2
Image_2583.jpg,2
Image_2584.jpg,0
Image_2585.jpg,0
Image_2586.jpg,0
Image_2587.jpg,0
Image_2588.jpg,0
Image_2589.jpg,1
Image_2590.jpg,0
Image_2591.jpg,1
Image_2592.jpg,2
Image_2593.jpg,0
Image_2594.jpg,0
Image_2595.jpg,0
Image_2596.jpg,0
Image_2597.jpg,1
Image_2598.jpg,1
Image_2599.jpg,2
Image_2600.jpg,1
Image_2601.jpg,0
Image_2602.jpg,1
Image_2603.jpg,4
Image_2604.jpg,0
Image_2605.jpg,2
Image_2606.jpg,0
Image_2607.jpg,4
Image_2608.jpg,0
Image_2609.jpg,4
Image_2610.jpg,1
Image_2611.jpg,3
Image_2612.jpg,3
Image_2613.jpg,0
Image_2614.jpg,1
Image_2615.jpg,0
Image_2616.jpg,0
Image_2617.jpg,0
Image_2618.jpg,0
Image_2619.jpg,1
Image_2620.jpg,0
Image_2621.jpg,2
Image_2622.jpg,4
Image_2623.jpg,2
Image_2624.jpg,2
Image_2625.jpg,0
Image_2626.jpg,0
Image_2627.jpg,2
Image_2628.jpg,3
Image_2629.jpg,3
Image_2630.jpg,2
Image_2631.jpg,2
Image_2632.jpg,1
Image_2633.jpg,0
Image_2634.jpg,2
Image_2635.jpg,2
Image_2636.jpg,2
Image_2637.jpg,1
Image_2638.jpg,1
Image_2639.jpg,0
Image_2640.jpg,2
Image_2641.jpg,2
Image_2642.jpg,0
Image_2643.jpg,1
Image_2644.jpg,3
Image_2645.jpg,0
Image_2646.jpg,2
Image_2647.jpg,0
Image_2648.jpg,3
Image_2649.jpg,0
Image_2650.jpg,0
Image_2651.jpg,0
Image_2652.jpg,1
Image_2653.jpg,1
Image_2654.jpg,0
Image_2655.jpg,2
Image_2656.jpg,0
Image_2657.jpg,0
Image_2658.jpg,2
Image_2659.jpg,3
Image_2660.jpg,3
Image_2661.jpg,2
Image_2662.jpg,0
Image_2663.jpg,2
Image_2664.jpg,1
Image_2665.jpg,2
Image_2666.jpg,2
Image_2667.jpg,1
Image_2668.jpg,1
Image_2669.jpg,0
Image_2670.jpg,2
Image_2671.jpg,0
Image_2672.jpg,0
Image_2673.jpg,0
Image_2674.jpg,3
Image_2675.jpg,0
Image_2676.jpg,0
Image_2677.jpg,2
Image_2678.jpg,2
Image_2679.jpg,2
Image_2680.jpg,3
Image_2681.jpg,1
Image_2682.jpg,2
Image_2683.jpg,3
Image_2684.jpg,3
Image_2685.jpg,0
Image_2686.jpg,0
Image_2687.jpg,0
Image_2688.jpg,0
Image_2689.jpg,4
Image_2690.jpg,0
Image_2691.jpg,1
Image_2692.jpg,0
Image_2693.jpg,0
Image_2694.jpg,0
Image_2695.jpg,3
Image_2696.jpg,2
Image_2697.jpg,2
Image_2698.jpg,2
Image_2699.jpg,1
Image_2700.jpg,1
Image_2701.jpg,3
Image_2702.jpg,0
Image_2703.jpg,1
Image_2704.jpg,4
Image_2705.jpg,2
Image_2706.jpg,1
Image_2707.jpg,2
Image_2708.jpg,0
Image_2709.jpg,2
Image_2710.jpg,2
Image_2711.jpg,0
Image_2712.jpg,0
Image_2713.jpg,1
Image_2714.jpg,3
Image_2715.jpg,2
Image_2716.jpg,2
Image_2717.jpg,2
Image_2718.jpg,0
Image_2719.jpg,2
Image_2720.jpg,2
Image_2721.jpg,0
Image_2722.jpg,2
Image_2723.jpg,2
Image_2724.jpg,0
Image_2725.jpg,0
Image_2726.jpg,2
Image_2727.jpg,0
Image_2728.jpg,2
Image_2729.jpg,0
Image_2730.jpg,2
Image_2731.jpg,0
Image_2732.jpg,1
Image_2733.jpg,2
Image_2734.jpg,2
Image_2735.jpg,0
Image_2736.jpg,0
Image_2737.jpg,1
Image_2738.jpg,1
Image_2739.jpg,1
Image_2740.jpg,0
Image_2741.jpg,0
Image_2742.jpg,2
Image_2743.jpg,0
Image_2744.jpg,0
Image_2745.jpg,2
Image_2746.jpg,2
Image_2747.jpg,4
Image_2748.jpg,2
Image_2749.jpg,0
Image_2750.jpg,0
Image_2751.jpg,0
Image_2752.jpg,2
Image_2753.jpg,0
Image_2754.jpg,2
Image_2755.jpg,2
Image_2756.jpg,1
Image_2757.jpg,2
Image_2758.jpg,0
Image_2759.jpg,0
Image_2760.jpg,1
Image_2761.jpg,1
Image_2762.jpg,2
Image_2763.jpg,2
Image_2764.jpg,1
Image_2765.jpg,3
Image_2766.jpg,3
Image_2767.jpg,1
Image_2768.jpg,1
Image_2769.jpg,1
Image_2770.jpg,1
Image_2771.jpg,0
Image_2772.jpg,2
Image_2773.jpg,0
Image_2774.jpg,0
Image_2775.jpg,1
Image_2776.jpg,0
Image_2777.jpg,0
Image_2778.jpg,3
Image_2779.jpg,2
Image_2780.jpg,0
Image_2781.jpg,0
Image_2782.jpg,1
Image_2783.jpg,0
Image_2784.jpg,1
Image_2785.jpg,1
Image_2786.jpg,3
Image_2787.jpg,3
Image_2788.jpg,0
Image_2789.jpg,0
Image_2790.jpg,2
Image_2791.jpg,2
Image_2792.jpg,2
Image_2793.jpg,0
Image_2794.jpg,2
Image_2795.jpg,0
Image_2796.jpg,0
Image_2797.jpg,2
Image_2798.jpg,2
Image_2799.jpg,1
Image_2800.jpg,1
Image_2801.jpg,2
Image_2802.jpg,0
Image_2803.jpg,2
Image_2804.jpg,0
Image_2805.jpg,2
Image_2806.jpg,0
Image_2807.jpg,2
Image_2808.jpg,0
Image_2809.jpg,2
Image_2810.jpg,0
Image_2811.jpg,2
Image_2812.jpg,0
Image_2813.jpg,1
Image_2814.jpg,0
Image_2815.jpg,0
Image_2816.jpg,2
Image_2817.jpg,4
Image_2818.jpg,0
Image_2819.jpg,0
Image_2820.jpg,0
Image_2821.jpg,1
Image_2822.jpg,0
Image_2823.jpg,2
Image_2824.jpg,0
Image_2825.jpg,0
Image_2826.jpg,2
Image_2827.jpg,0
Image_2828.jpg,0
Image_2829.jpg,0
Image_2830.jpg,0
Image_2831.jpg,0
Image_2832.jpg,0
Image_2833.jpg,1
Image_2834.jpg,2
Image_2835.jpg,0
Image_2836.jpg,2
Image_2837.jpg,0
Image_2838.jpg,1
Image_2839.jpg,0
Image_2840.jpg,0
Image_2841.jpg,2
Image_2842.jpg,2
Image_2843.jpg,1
Image_2844.jpg,0
Image_2845.jpg,0
Image_2846.jpg,2
Image_2847.jpg,3
Image_2848.jpg,0
Image_2849.jpg,1
Image_2850.jpg,0
Image_2851.jpg,0
Image_2852.jpg,4
Image_2853.jpg,2
Image_2854.jpg,1
Image_2855.jpg,1
Image_2856.jpg,0
Image_2857.jpg,0
Image_2858.jpg,2
Image_2859.jpg,2
Image_2860.jpg,0
Image_2861.jpg,0
Image_2862.jpg,1
Image_2863.jpg,1
Image_2864.jpg,0
Image_2865.jpg,0
Image_2866.jpg,1
Image_2867.jpg,4
Image_2868.jpg,1
Image_2869.jpg,2
Image_2870.jpg,2
Image_2871.jpg,2
Image_2872.jpg,0
Image_2873.jpg,1
Image_2874.jpg,0
Image_2875.jpg,1
Image_2876.jpg,0
Image_2877.jpg,3
Image_2878.jpg,3
Image_2879.jpg,1
Image_2880.jpg,0
Image_2881.jpg,0
Image_2882.jpg,0
Image_2883.jpg,0
Image_2884.jpg,2
Image_2885.jpg,2
Image_2886.jpg,1
Image_2887.jpg,0
Image_2888.jpg,0
Image_2889.jpg,1
Image_2890.jpg,1
Image_2891.jpg,0
Image_2892.jpg,2
Image_2893.jpg,4
Image_2894.jpg,3
Image_2895.jpg,0
Image_2896.jpg,0
Image_2897.jpg,2
Image_2898.jpg,0
Image_2899.jpg,0
Image_2900.jpg,0
Image_2901.jpg,0
Image_2902.jpg,1
Image_2903.jpg,3
Image_2904.jpg,1
Image_2905.jpg,2
Image_2906.jpg,0
Image_2907.jpg,2
Image_2908.jpg,0
Image_2909.jpg,0
Image_2910.jpg,2
Image_2911.jpg,2
Image_2912.jpg,3
Image_2913.jpg,0
Image_2914.jpg,2
Image_2915.jpg,1
Image_2916.jpg,1
Image_2917.jpg,0
Image_2918.jpg,1
Image_2919.jpg,2
Image_2920.jpg,0
Image_2921.jpg,3
Image_2922.jpg,0
Image_2923.jpg,3
Image_2924.jpg,2
Image_2925.jpg,0
Image_2926.jpg,0
Image_2927.jpg,2
Image_2928.jpg,2
Image_2929.jpg,1
Image_2930.jpg,0
Image_2931.jpg,3
Image_2932.jpg,3
Image_2933.jpg,0
Image_2934.jpg,2
Image_2935.jpg,0
Image_2936.jpg,3
Image_2937.jpg,0
Image_2938.jpg,4
Image_2939.jpg,3
Image_2940.jpg,0
Image_2941.jpg,2
Image_2942.jpg,2
Image_2943.jpg,0
Image_2944.jpg,1
Image_2945.jpg,2
Image_2946.jpg,0
Image_2947.jpg,2
Image_2948.jpg,1
Image_2949.jpg,2
Image_2950.jpg,1
Image_2951.jpg,0
Image_2952.jpg,0
Image_2953.jpg,0
Image_2954.jpg,0
Image_2955.jpg,3
Image_2956.jpg,0
Image_2957.jpg,3
Image_2958.jpg,0
Image_2959.jpg,0
Image_2960.jpg,2
Image_2961.jpg,0
Image_2962.jpg,0
Image_2963.jpg,2
Image_2964.jpg,1
Image_2965.jpg,2
Image_2966.jpg,4
Image_2967.jpg,1
Image_2968.jpg,2
Image_2969.jpg,0
Image_2970.jpg,2
Image_2971.jpg,2
Image_2972.jpg,0
Image_2973.jpg,0
Image_2974.jpg,0
Image_2975.jpg,1
Image_2976.jpg,2
Image_2977.jpg,0
Image_2978.jpg,2
Image_2979.jpg,0
Image_2980.jpg,0
Image_2981.jpg,0
Image_2982.jpg,0
Image_2983.jpg,3
Image_2984.jpg,0
Image_2985.jpg,2
Image_2986.jpg,3
Image_2987.jpg,0
Image_2988.jpg,1
Image_2989.jpg,0
Image_2990.jpg,0
Image_2991.jpg,2
Image_2992.jpg,0
Image_2993.jpg,3
Image_2994.jpg,2
Image_2995.jpg,0
Image_2996.jpg,2
Image_2997.jpg,1
Image_2998.jpg,0
Image_2999.jpg,0
Image_3000.jpg,3
Image_3001.jpg,2
Image_3002.jpg,2
Image_3003.jpg,1
Image_3004.jpg,0
Image_3005.jpg,1
Image_3006.jpg,1
Image_3007.jpg,3
Image_3008.jpg,0
Image_3009.jpg,0
Image_3010.jpg,1
Image_3011.jpg,0
Image_3012.jpg,1
Image_3013.jpg,2
Image_3014.jpg,2
Image_3015.jpg,2
Image_3016.jpg,0
Image_3017.jpg,0
Image_3018.jpg,2
Image_3019.jpg,0
Image_3020.jpg,1
Image_3021.jpg,2
Image_3022.jpg,1
Image_3023.jpg,3
Image_3024.jpg,2
Image_3025.jpg,2
Image_3026.jpg,3
Image_3027.jpg,1
Image_3028.jpg,2
Image_3029.jpg,0
Image_3030.jpg,2
Image_3031.jpg,1
Image_3032.jpg,2
Image_3033.jpg,0
Image_3034.jpg,0
Image_3035.jpg,2
Image_3036.jpg,0
Image_3037.jpg,0
Image_3038.jpg,3
Image_3039.jpg,0
Image_3040.jpg,2
Image_3041.jpg,0
Image_3042.jpg,0
Image_3043.jpg,2
Image_3044.jpg,3
Image_3045.jpg,0
Image_3046.jpg,0
Image_3047.jpg,1
Image_3048.jpg,4
Image_3049.jpg,0
Image_3050.jpg,3
Image_3051.jpg,2
Image_3052.jpg,2
Image_3053.jpg,1
Image_3054.jpg,0
Image_3055.jpg,2
Image_3056.jpg,0
Image_3057.jpg,0
Image_3058.jpg,1
Image_3059.jpg,0
Image_3060.jpg,2
Image_3061.jpg,1
Image_3062.jpg,4
Image_3063.jpg,1
Image_3064.jpg,3
Image_3065.jpg,2
Image_3066.jpg,0
Image_3067.jpg,1
Image_3068.jpg,1
Image_3069.jpg,0
Image_3070.jpg,4
Image_3071.jpg,2
Image_3072.jpg,2
Image_3073.jpg,4
Image_3074.jpg,0
Image_3075.jpg,3
Image_3076.jpg,2
Image_3077.jpg,0
Image_3078.jpg,2
Image_3079.jpg,1
Image_3080.jpg,2
Image_3081.jpg,3
Image_3082.jpg,2
Image_3083.jpg,2
Image_3084.jpg,0
Image_3085.jpg,1
Image_3086.jpg,2
Image_3087.jpg,1
Image_3088.jpg,0
Image_3089.jpg,2
Image_3090.jpg,0
Image_3091.jpg,0
Image_3092.jpg,2
Image_3093.jpg,1
Image_3094.jpg,2
Image_3095.jpg,1
Image_3096.jpg,4
Image_3097.jpg,0
Image_3098.jpg,2
Image_3099.jpg,0
Image_3100.jpg,1
Image_3101.jpg,0
Image_3102.jpg,0
Image_3103.jpg,0
Image_3104.jpg,1
Image_3105.jpg,2
Image_3106.jpg,0
Image_3107.jpg,3
Image_3108.jpg,0
Image_3109.jpg,3
Image_3110.jpg,0
Image_3111.jpg,0
Image_3112.jpg,0
Image_3113.jpg,2
Image_3114.jpg,2
Image_3115.jpg,1
Image_3116.jpg,4
Image_3117.jpg,0
Image_3118.jpg,2
Image_3119.jpg,0
Image_3120.jpg,0
Image_3121.jpg,3
Image_3122.jpg,0
Image_3123.jpg,1
Image_3124.jpg,2
Image_3125.jpg,0
Image_3126.jpg,1
Image_3127.jpg,4
Image_3128.jpg,0
Image_3129.jpg,0
Image_3130.jpg,3
Image_3131.jpg,2
Image_3132.jpg,3
Image_3133.jpg,1
Image_3134.jpg,2
Image_3135.jpg,1
Image_3136.jpg,3
Image_3137.jpg,0
Image_3138.jpg,0
Image_3139.jpg,1
Image_3140.jpg,4
Image_3141.jpg,0
Image_3142.jpg,1
Image_3143.jpg,0
Image_3144.jpg,3
Image_3145.jpg,0
Image_3146.jpg,2
Image_3147.jpg,1
Image_3148.jpg,2
Image_3149.jpg,0
Image_3150.jpg,2
Image_3151.jpg,0
Image_3152.jpg,0
Image_3153.jpg,2
Image_3154.jpg,2
Image_3155.jpg,2
Image_3156.jpg,0
Image_3157.jpg,0
Image_3158.jpg,0
Image_3159.jpg,2
Image_3160.jpg,1
Image_3161.jpg,0
Image_3162.jpg,1
Image_3163.jpg,2
Image_3164.jpg,1
Image_3165.jpg,3
Image_3166.jpg,1
Image_3167.jpg,2
Image_3168.jpg,1
Image_3169.jpg,1
Image_3170.jpg,0
Image_3171.jpg,0
Image_3172.jpg,2
Image_3173.jpg,0
Image_3174.jpg,0
Image_3175.jpg,0
Image_3176.jpg,1
Image_3177.jpg,0
Image_3178.jpg,2
Image_3179.jpg,0
Image_3180.jpg,0
Image_3181.jpg,2
Image_3182.jpg,3
Image_3183.jpg,2
Image_3184.jpg,2
Image_3185.jpg,2
Image_3186.jpg,1
Image_3187.jpg,0
Image_3188.jpg,3
Image_3189.jpg,1
Image_3190.jpg,3
Image_3191.jpg,2
Image_3192.jpg,2
Image_3193.jpg,3
Image_3194.jpg,0
Image_3195.jpg,0
Image_3196.jpg,2
Image_3197.jpg,0
Image_3198.jpg,1
Image_3199.jpg,1
Image_3200.jpg,2
Image_3201.jpg,0
Image_3202.jpg,2
Image_3203.jpg,0
Image_3204.jpg,0
Image_3205.jpg,4
Image_3206.jpg,1
Image_3207.jpg,0
Image_3208.jpg,4
Image_3209.jpg,1
Image_3210.jpg,2
Image_3211.jpg,2
Image_3212.jpg,0
Image_3213.jpg,2
Image_3214.jpg,2
Image_3215.jpg,2
Image_3216.jpg,2
Image_3217.jpg,1
Image_3218.jpg,0
Image_3219.jpg,0
Image_3220.jpg,0
Image_3221.jpg,0
Image_3222.jpg,2
Image_3223.jpg,3
Image_3224.jpg,2
Image_3225.jpg,2
Image_3226.jpg,2
Image_3227.jpg,2
Image_3228.jpg,1
Image_3229.jpg,1
Image_3230.jpg,3
Image_3231.jpg,1
Image_3232.jpg,1
Image_3233.jpg,2
Image_3234.jpg,2
Image_3235.jpg,2
Image_3236.jpg,1
Image_3237.jpg,2
Image_3238.jpg,0
Image_3239.jpg,0
Image_3240.jpg,0
Image_3241.jpg,0
Image_3242.jpg,1
Image_3243.jpg,1
Image_3244.jpg,0
Image_3245.jpg,0
Image_3246.jpg,2
Image_3247.jpg,0
Image_3248.jpg,2
Image_3249.jpg,3
Image_3250.jpg,4
Image_3251.jpg,0
Image_3252.jpg,2
Image_3253.jpg,0
Image_3254.jpg,1
Image_3255.jpg,0
Image_3256.jpg,3
Image_3257.jpg,2
Image_3258.jpg,0
Image_3259.jpg,0
Image_3260.jpg,0
Image_3261.jpg,3
Image_3262.jpg,1
Image_3263.jpg,3
Image_3264.jpg,3
Image_3265.jpg,3
Image_3266.jpg,2
Image_3267.jpg,0
Image_3268.jpg,2
Image_3269.jpg,2
Image_3270.jpg,4
Image_3271.jpg,2
Image_3272.jpg,0
Image_3273.jpg,0
Image_3274.jpg,3
Image_3275.jpg,2
Image_3276.jpg,1
Image_3277.jpg,3
Image_3278.jpg,2
Image_3279.jpg,0
Image_3280.jpg,2
Image_3281.jpg,2
Image_3282.jpg,0
Image_3283.jpg,0
Image_3284.jpg,3
Image_3285.jpg,0
Image_3286.jpg,2
Image_3287.jpg,3
Image_3288.jpg,0
Image_3289.jpg,1
Image_3290.jpg,2
Image_3291.jpg,2
Image_3292.jpg,1
Image_3293.jpg,2
Image_3294.jpg,0
Image_3295.jpg,1
Image_3296.jpg,0
Image_3297.jpg,0
Image_3298.jpg,0
Image_3299.jpg,1
Image_3300.jpg,3
Image_3301.jpg,2
Image_3302.jpg,0
Image_3303.jpg,1
Image_3304.jpg,2
Image_3305.jpg,2
Image_3306.jpg,1
Image_3307.jpg,0
Image_3308.jpg,2
Image_3309.jpg,1
Image_3310.jpg,0
Image_3311.jpg,0
Image_3312.jpg,0
Image_3313.jpg,2
Image_3314.jpg,0
Image_3315.jpg,2
Image_3316.jpg,2
Image_3317.jpg,0
Image_3318.jpg,2
Image_3319.jpg,4
Image_3320.jpg,1
Image_3321.jpg,2
Image_3322.jpg,0
Image_3323.jpg,1
Image_3324.jpg,2
Image_3325.jpg,2
Image_3326.jpg,2
Image_3327.jpg,0
Image_3328.jpg,2
Image_3329.jpg,0
Image_3330.jpg,0
Image_3331.jpg,2
Image_3332.jpg,1
Image_3333.jpg,0
Image_3334.jpg,0
Image_3335.jpg,3
Image_3336.jpg,1
Image_3337.jpg,1
Image_3338.jpg,1
Image_3339.jpg,3
Image_3340.jpg,1
Image_3341.jpg,0
Image_3342.jpg,0
Image_3343.jpg,1
Image_3344.jpg,2
Image_3345.jpg,2
Image_3346.jpg,0
Image_3347.jpg,4
Image_3348.jpg,2
Image_3349.jpg,0
Image_3350.jpg,0
Image_3351.jpg,4
Image_3352.jpg,1
Image_3353.jpg,2
Image_3354.jpg,0
Image_3355.jpg,0
Image_3356.jpg,2
Image_3357.jpg,2
Image_3358.jpg,2
Image_3359.jpg,0
Image_3360.jpg,0
Image_3361.jpg,0
Image_3362.jpg,3
Image_3363.jpg,0
Image_3364.jpg,1
Image_3365.jpg,0
Image_3366.jpg,3
Image_3367.jpg,0
Image_3368.jpg,0
Image_3369.jpg,1
Image_3370.jpg,0
Image_3371.jpg,0
Image_3372.jpg,0
Image_3373.jpg,0
Image_3374.jpg,2
Image_3375.jpg,0
Image_3376.jpg,0
Image_3377.jpg,1
Image_3378.jpg,2
Image_3379.jpg,2
Image_3380.jpg,0
Image_3381.jpg,3
Image_3382.jpg,3
Image_3383.jpg,2
Image_3384.jpg,0
Image_3385.jpg,3
Image_3386.jpg,0
Image_3387.jpg,3
Image_3388.jpg,1
Image_3389.jpg,0
Image_3390.jpg,0
Image_3391.jpg,0
Image_3392.jpg,4
Image_3393.jpg,1
Image_3394.jpg,0
Image_3395.jpg,0
Image_3396.jpg,0
Image_3397.jpg,0
Image_3398.jpg,0
Image_3399.jpg,0
Image_3400.jpg,0
Image_3401.jpg,2
Image_3402.jpg,4
Image_3403.jpg,3
Image_3404.jpg,2
Image_3405.jpg,1
Image_3406.jpg,0
Image_3407.jpg,2
Image_3408.jpg,3
Image_3409.jpg,0
Image_3410.jpg,0
Image_3411.jpg,0
Image_3412.jpg,2
Image_3413.jpg,4
Image_3414.jpg,2
Image_3415.jpg,0
Image_3416.jpg,2
Image_3417.jpg,0
Image_3418.jpg,2
Image_3419.jpg,0
Image_3420.jpg,3
Image_3421.jpg,2
Image_3422.jpg,2
Image_3423.jpg,0
Image_3424.jpg,0
Image_3425.jpg,3
Image_3426.jpg,3
Image_3427.jpg,2
Image_3428.jpg,2
Image_3429.jpg,1
Image_3430.jpg,2
Image_3431.jpg,0
Image_3432.jpg,3
Image_3433.jpg,1
Image_3434.jpg,2
Image_3435.jpg,2
Image_3436.jpg,3
Image_3437.jpg,0
Image_3438.jpg,4
Image_3439.jpg,0
Image_3440.jpg,2
Image_3441.jpg,2
Image_3442.jpg,3
Image_3443.jpg,0
Image_3444.jpg,0
Image_3445.jpg,0
Image_3446.jpg,0
Image_3447.jpg,0
Image_3448.jpg,2
Image_3449.jpg,3
Image_3450.jpg,1
Image_3451.jpg,0
Image_3452.jpg,0
Image_3453.jpg,0
Image_3454.jpg,0
Image_3455.jpg,0
Image_3456.jpg,1
Image_3457.jpg,2
Image_3458.jpg,1
Image_3459.jpg,1
Image_3460.jpg,0
Image_3461.jpg,0
Image_3462.jpg,0
Image_3463.jpg,3
Image_3464.jpg,0
Image_3465.jpg,2
Image_3466.jpg,1
Image_3467.jpg,0
Image_3468.jpg,3
Image_3469.jpg,0
Image_3470.jpg,0
Image_3471.jpg,0
Image_3472.jpg,0
Image_3473.jpg,0
Image_3474.jpg,2
Image_3475.jpg,2
Image_3476.jpg,0
Image_3477.jpg,0
Image_3478.jpg,2
Image_3479.jpg,2
Image_3480.jpg,0
Image_3481.jpg,1
Image_3482.jpg,1
Image_3483.jpg,0
Image_3484.jpg,3
Image_3485.jpg,1
Image_3486.jpg,2
Image_3487.jpg,0
Image_3488.jpg,0
Image_3489.jpg,2
Image_3490.jpg,3
Image_3491.jpg,2
Image_3492.jpg,0
Image_3493.jpg,0
Image_3494.jpg,2
Image_3495.jpg,0
Image_3496.jpg,3
Image_3497.jpg,0
Image_3498.jpg,3
Image_3499.jpg,1
Image_3500.jpg,1
Image_3501.jpg,0
Image_3502.jpg,2
Image_3503.jpg,0
Image_3504.jpg,3
Image_3505.jpg,0
Image_3506.jpg,0
Image_3507.jpg,3
Image_3508.jpg,2
Image_3509.jpg,0
Image_3510.jpg,0
Image_3511.jpg,0
Image_3512.jpg,0
Image_3513.jpg,0
Image_3514.jpg,3
Image_3515.jpg,0
Image_3516.jpg,2
Image_3517.jpg,1
Image_3518.jpg,0
Image_3519.jpg,0
Image_3520.jpg,0
Image_3521.jpg,0
Image_3522.jpg,2
Image_3523.jpg,0
Image_3524.jpg,0
Image_3525.jpg,2
Image_3526.jpg,0
Image_3527.jpg,0
Image_3528.jpg,0
Image_3529.jpg,0
Image_3530.jpg,2
Image_3531.jpg,3
Image_3532.jpg,0
Image_3533.jpg,0
Image_3534.jpg,1
Image_3535.jpg,4
Image_3536.jpg,0
Image_3537.jpg,0
Image_3538.jpg,0
Image_3539.jpg,0
Image_3540.jpg,0
Image_3541.jpg,1
Image_3542.jpg,2
Image_3543.jpg,2
Image_3544.jpg,0
Image_3545.jpg,1
Image_3546.jpg,0
Image_3547.jpg,2
Image_3548.jpg,1
Image_3549.jpg,2
Image_3550.jpg,0
Image_3551.jpg,0
Image_3552.jpg,0
Image_3553.jpg,3
Image_3554.jpg,0
Image_3555.jpg,0
Image_3556.jpg,2
Image_3557.jpg,0
Image_3558.jpg,0
Image_3559.jpg,3
Image_3560.jpg,0
Image_3561.jpg,2
Image_3562.jpg,4
Image_3563.jpg,3
Image_3564.jpg,2
Image_3565.jpg,2
Image_3566.jpg,0
Image_3567.jpg,0
Image_3568.jpg,3
Image_3569.jpg,1
Image_3570.jpg,1
Image_3571.jpg,2
Image_3572.jpg,2
Image_3573.jpg,4
Image_3574.jpg,2
Image_3575.jpg,2
Image_3576.jpg,0
Image_3577.jpg,1
Image_3578.jpg,2
Image_3579.jpg,0
Image_3580.jpg,0
Image_3581.jpg,2
Image_3582.jpg,0
Image_3583.jpg,0
Image_3584.jpg,2
Image_3585.jpg,0
Image_3586.jpg,1
Image_3587.jpg,1
Image_3588.jpg,1
Image_3589.jpg,2
Image_3590.jpg,3
Image_3591.jpg,1
Image_3592.jpg,0
Image_3593.jpg,0
Image_3594.jpg,0
Image_3595.jpg,2
Image_3596.jpg,3
Image_3597.jpg,2
Image_3598.jpg,0
Image_3599.jpg,2
Image_3600.jpg,2
Image_3601.jpg,2
Image_3602.jpg,0
Image_3603.jpg,0
Image_3604.jpg,2
Image_3605.jpg,0
Image_3606.jpg,2
Image_3607.jpg,2
Image_3608.jpg,1
Image_3609.jpg,0
Image_3610.jpg,0
Image_3611.jpg,3
Image_3612.jpg,0
Image_3613.jpg,1
Image_3614.jpg,0
Image_3615.jpg,2
Image_3616.jpg,0
Image_3617.jpg,2
Image_3618.jpg,2
Image_3619.jpg,0
Image_3620.jpg,2
Image_3621.jpg,0
Image_3622.jpg,2
Image_3623.jpg,2
Image_3624.jpg,0
Image_3625.jpg,1
Image_3626.jpg,0
Image_3627.jpg,1
Image_3628.jpg,2
Image_3629.jpg,0
Image_3630.jpg,3
Image_3631.jpg,0
Image_3632.jpg,0
Image_3633.jpg,4
Image_3634.jpg,2
Image_3635.jpg,3
Image_3636.jpg,1
Image_3637.jpg,0
Image_3638.jpg,0
Image_3639.jpg,2
Image_3640.jpg,1
Image_3641.jpg,0
Image_3642.jpg,2
Image_3643.jpg,0
Image_3644.jpg,0
Image_3645.jpg,3
Image_3646.jpg,0
Image_3647.jpg,1
Image_3648.jpg,0
Image_3649.jpg,1
Image_3650.jpg,0
Image_3651.jpg,1
Image_3652.jpg,0
Image_3653.jpg,3
Image_3654.jpg,0
Image_3655.jpg,1
Image_3656.jpg,2
Image_3657.jpg,0
Image_3658.jpg,2
Image_3659.jpg,0
Image_3660.jpg,3
Image_3661.jpg,3
Image_3662.jpg,1
Image_3663.jpg,1
Image_3664.jpg,3
Image_3665.jpg,4
Image_3666.jpg,3
Image_3667.jpg,3
Image_3668.jpg,0
Image_3669.jpg,2
Image_3670.jpg,0
Image_3671.jpg,2
Image_3672.jpg,4
Image_3673.jpg,2
Image_3674.jpg,1
Image_3675.jpg,3
Image_3676.jpg,3
Image_3677.jpg,2
Image_3678.jpg,2
Image_3679.jpg,1
Image_3680.jpg,1
Image_3681.jpg,0
Image_3682.jpg,3
Image_3683.jpg,3
Image_3684.jpg,1
Image_3685.jpg,1
Image_3686.jpg,3
Image_3687.jpg,3
Image_3688.jpg,3
Image_3689.jpg,1
Image_3690.jpg,2
Image_3691.jpg,3
Image_3692.jpg,2
Image_3693.jpg,0
Image_3694.jpg,3
Image_3695.jpg,3
Image_3696.jpg,2
Image_3697.jpg,0
Image_3698.jpg,0
Image_3699.jpg,0
Image_3700.jpg,0
Image_3701.jpg,2
Image_3702.jpg,3
Image_3703.jpg,0
Image_3704.jpg,1
Image_3705.jpg,0
Image_3706.jpg,2
Image_3707.jpg,4
Image_3708.jpg,0
Image_3709.jpg,0
Image_3710.jpg,2
Image_3711.jpg,3
Image_3712.jpg,1
Image_3713.jpg,0
Image_3714.jpg,2
Image_3715.jpg,1
Image_3716.jpg,3
Image_3717.jpg,1
Image_3718.jpg,2
Image_3719.jpg,1
Image_3720.jpg,1
Image_3721.jpg,3
Image_3722.jpg,1
Image_3723.jpg,0
Image_3724.jpg,0
Image_3725.jpg,2
Image_3726.jpg,2
Image_3727.jpg,0
Image_3728.jpg,3
Image_3729.jpg,2
Image_3730.jpg,0
Image_3731.jpg,3
Image_3732.jpg,0
Image_3733.jpg,0
Image_3734.jpg,3
Image_3735.jpg,1
Image_3736.jpg,2
Image_3737.jpg,3
Image_3738.jpg,3
Image_3739.jpg,3
Image_3740.jpg,2
Image_3741.jpg,0
Image_3742.jpg,1
Image_3743.jpg,1
Image_3744.jpg,0
Image_3745.jpg,1
Image_3746.jpg,0
Image_3747.jpg,0
Image_3748.jpg,2
Image_3749.jpg,0
Image_3750.jpg,0
Image_3751.jpg,2
Image_3752.jpg,2
Image_3753.jpg,2
Image_3754.jpg,0
Image_3755.jpg,2
Image_3756.jpg,1
Image_3757.jpg,1
Image_3758.jpg,3
Image_3759.jpg,0
Image_3760.jpg,1
Image_3761.jpg,0
Image_3762.jpg,0
Image_3763.jpg,0
Image_3764.jpg,0
Image_3765.jpg,0
Image_3766.jpg,0
Image_3767.jpg,2
Image_3768.jpg,3
Image_3769.jpg,3
Image_3770.jpg,3
Image_3771.jpg,3
Image_3772.jpg,0
Image_3773.jpg,3
Image_3774.jpg,2
Image_3775.jpg,3
Image_3776.jpg,0
Image_3777.jpg,0
Image_3778.jpg,0
Image_3779.jpg,2
Image_3780.jpg,2
Image_3781.jpg,1
Image_3782.jpg,1
Image_3783.jpg,0
Image_3784.jpg,4
Image_3785.jpg,0
Image_3786.jpg,0
Image_3787.jpg,0
Image_3788.jpg,1
Image_3789.jpg,2
Image_3790.jpg,0
Image_3791.jpg,0
Image_3792.jpg,3
Image_3793.jpg,2
Image_3794.jpg,0
Image_3795.jpg,0
Image_3796.jpg,1
Image_3797.jpg,2
Image_3798.jpg,2
Image_3799.jpg,3
Image_3800.jpg,2
Image_3801.jpg,3
Image_3802.jpg,0
Image_3803.jpg,0
Image_3804.jpg,1
Image_3805.jpg,0
Image_3806.jpg,3
Image_3807.jpg,0
Image_3808.jpg,2
Image_3809.jpg,0
Image_3810.jpg,0
Image_3811.jpg,0
Image_3812.jpg,2
Image_3813.jpg,2
Image_3814.jpg,2
Image_3815.jpg,0
Image_3816.jpg,0
Image_3817.jpg,0
Image_3818.jpg,3
Image_3819.jpg,3
Image_3820.jpg,0
Image_3821.jpg,2
Image_3822.jpg,0
Image_3823.jpg,2
Image_3824.jpg,1
Image_3825.jpg,0
Image_3826.jpg,1
Image_3827.jpg,0
Image_3828.jpg,2
Image_3829.jpg,3
Image_3830.jpg,2
Image_3831.jpg,2
Image_3832.jpg,2
Image_3833.jpg,3
Image_3834.jpg,0
Image_3835.jpg,3
Image_3836.jpg,0
Image_3837.jpg,0
Image_3838.jpg,1
Image_3839.jpg,0
Image_3840.jpg,0
Image_3841.jpg,2
Image_3842.jpg,3
Image_3843.jpg,2
Image_3844.jpg,1
Image_3845.jpg,2
Image_3846.jpg,1
Image_3847.jpg,2
Image_3848.jpg,0
Image_3849.jpg,0
Image_3850.jpg,2
Image_3851.jpg,1
Image_3852.jpg,0
Image_3853.jpg,3
Image_3854.jpg,0
Image_3855.jpg,0
Image_3856.jpg,3
Image_3857.jpg,2
Image_3858.jpg,0
Image_3859.jpg,2
Image_3860.jpg,0
Image_3861.jpg,2
Image_3862.jpg,0
Image_3863.jpg,0
Image_3864.jpg,2
Image_3865.jpg,2
Image_3866.jpg,3
Image_3867.jpg,2
Image_3868.jpg,1
Image_3869.jpg,0
Image_3870.jpg,0
Image_3871.jpg,2
Image_3872.jpg,0
Image_3873.jpg,1
Image_3874.jpg,2
Image_3875.jpg,1
Image_3876.jpg,2
Image_3877.jpg,0
Image_3878.jpg,0
Image_3879.jpg,1
Image_3880.jpg,0
Image_3881.jpg,4
Image_3882.jpg,2
Image_3883.jpg,1
Image_3884.jpg,2
Image_3885.jpg,3
Image_3886.jpg,0
Image_3887.jpg,0
Image_3888.jpg,2
Image_3889.jpg,1
Image_3890.jpg,2
Image_3891.jpg,3
Image_3892.jpg,1
Image_3893.jpg,2
Image_3894.jpg,0
Image_3895.jpg,2
Image_3896.jpg,3
Image_3897.jpg,2
Image_3898.jpg,2
Image_3899.jpg,0
Image_3900.jpg,2
Image_3901.jpg,0
Image_3902.jpg,2
Image_3903.jpg,1
Image_3904.jpg,1
Image_3905.jpg,1
Image_3906.jpg,2
Image_3907.jpg,0
Image_3908.jpg,0
Image_3909.jpg,0
Image_3910.jpg,0
Image_3911.jpg,1
Image_3912.jpg,2
Image_3913.jpg,2
Image_3914.jpg,0
Image_3915.jpg,1
Image_3916.jpg,3
Image_3917.jpg,2
Image_3918.jpg,0
Image_3919.jpg,2
Image_3920.jpg,0
Image_3921.jpg,3
Image_3922.jpg,0
Image_3923.jpg,0
Image_3924.jpg,0
Image_3925.jpg,2
Image_3926.jpg,1
Image_3927.jpg,0
Image_3928.jpg,2
Image_3929.jpg,0
Image_3930.jpg,1
Image_3931.jpg,2
Image_3932.jpg,2
Image_3933.jpg,0
Image_3934.jpg,2
Image_3935.jpg,2
Image_3936.jpg,3
Image_3937.jpg,2
Image_3938.jpg,0
Image_3939.jpg,2
Image_3940.jpg,0
Image_3941.jpg,2
Image_3942.jpg,0
Image_3943.jpg,1
Image_3944.jpg,3
Image_3945.jpg,3
Image_3946.jpg,3
Image_3947.jpg,0
Image_3948.jpg,4
Image_3949.jpg,3
Image_3950.jpg,1
Image_3951.jpg,0
Image_3952.jpg,2
Image_3953.jpg,2
Image_3954.jpg,1
Image_3955.jpg,1
Image_3956.jpg,0
Image_3957.jpg,0
Image_3958.jpg,3
Image_3959.jpg,1
Image_3960.jpg,0
Image_3961.jpg,0
Image_3962.jpg,2
Image_3963.jpg,2
Image_3964.jpg,0
Image_3965.jpg,2
Image_3966.jpg,1
Image_3967.jpg,0
Image_3968.jpg,1
Image_3969.jpg,0
Image_3970.jpg,2
Image_3971.jpg,1
Image_3972.jpg,2
Image_3973.jpg,0
Image_3974.jpg,0
Image_3975.jpg,2
Image_3976.jpg,4
Image_3977.jpg,0
Image_3978.jpg,0
Image_3979.jpg,1
Image_3980.jpg,2
Image_3981.jpg,2
Image_3982.jpg,1
Image_3983.jpg,3
Image_3984.jpg,3
Image_3985.jpg,0
Image_3986.jpg,3
Image_3987.jpg,1
Image_3988.jpg,3
Image_3989.jpg,0
Image_3990.jpg,2
Image_3991.jpg,2
Image_3992.jpg,1
Image_3993.jpg,2
Image_3994.jpg,3
Image_3995.jpg,0
Image_3996.jpg,0
Image_3997.jpg,3
Image_3998.jpg,3
Image_3999.jpg,1
Image_4000.jpg,0
Image_4001.jpg,1
Image_4002.jpg,0
Image_4003.jpg,0
Image_4004.jpg,3
Image_4005.jpg,0
Image_4006.jpg,3
Image_4007.jpg,3
Image_4008.jpg,0
Image_4009.jpg,2
Image_4010.jpg,2
Image_4011.jpg,0
Image_4012.jpg,2
Image_4013.jpg,3
Image_4014.jpg,2
Image_4015.jpg,2
Image_4016.jpg,0
Image_4017.jpg,0
Image_4018.jpg,2
Image_4019.jpg,1
Image_4020.jpg,0
Image_4021.jpg,1
Image_4022.jpg,0
Image_4023.jpg,1
Image_4024.jpg,2
Image_4025.jpg,1
Image_4026.jpg,0
Image_4027.jpg,1
Image_4028.jpg,1
Image_4029.jpg,2
Image_4030.jpg,2
Image_4031.jpg,3
Image_4032.jpg,2
Image_4033.jpg,1
Image_4034.jpg,1
Image_4035.jpg,2
Image_4036.jpg,2
Image_4037.jpg,0
Image_4038.jpg,0
Image_4039.jpg,0
Image_4040.jpg,2
Image_4041.jpg,3
Image_4042.jpg,0
Image_4043.jpg,0
Image_4044.jpg,2
Image_4045.jpg,1
Image_4046.jpg,0
Image_4047.jpg,0
Image_4048.jpg,0
Image_4049.jpg,2
Image_4050.jpg,3
Image_4051.jpg,0
Image_4052.jpg,0
Image_4053.jpg,0
Image_4054.jpg,2
Image_4055.jpg,0
Image_4056.jpg,2
Image_4057.jpg,3
Image_4058.jpg,2
Image_4059.jpg,0
Image_4060.jpg,3
Image_4061.jpg,2
Image_4062.jpg,2
Image_4063.jpg,0
Image_4064.jpg,2
Image_4065.jpg,2
Image_4066.jpg,2
Image_4067.jpg,0
Image_4068.jpg,0
Image_4069.jpg,2
Image_4070.jpg,3
Image_4071.jpg,0
Image_4072.jpg,1
Image_4073.jpg,0
Image_4074.jpg,3
Image_4075.jpg,2
Image_4076.jpg,1
Image_4077.jpg,2
Image_4078.jpg,2
Image_4079.jpg,3
Image_4080.jpg,0
Image_4081.jpg,0
Image_4082.jpg,0
Image_4083.jpg,0
Image_4084.jpg,1
Image_4085.jpg,0
Image_4086.jpg,0
Image_4087.jpg,0
Image_4088.jpg,2
Image_4089.jpg,0
Image_4090.jpg,0
Image_4091.jpg,1
Image_4092.jpg,3
Image_4093.jpg,3
Image_4094.jpg,0
Image_4095.jpg,1
Image_4096.jpg,2
Image_4097.jpg,0
Image_4098.jpg,0
Image_4099.jpg,0
Image_4100.jpg,0
Image_4101.jpg,2
Image_4102.jpg,0
Image_4103.jpg,2
Image_4104.jpg,0
Image_4105.jpg,4
Image_4106.jpg,4
Image_4107.jpg,0
Image_4108.jpg,2
Image_4109.jpg,1
Image_4110.jpg,2
Image_4111.jpg,0
Image_4112.jpg,2
Image_4113.jpg,0
Image_4114.jpg,2
Image_4115.jpg,1
Image_4116.jpg,1
Image_4117.jpg,2
Image_4118.jpg,0
Image_4119.jpg,0
Image_4120.jpg,2
Image_4121.jpg,3
Image_4122.jpg,0
Image_4123.jpg,0
Image_4124.jpg,0
Image_4125.jpg,0
Image_4126.jpg,0
Image_4127.jpg,1
Image_4128.jpg,1
Image_4129.jpg,2
Image_4130.jpg,3
Image_4131.jpg,1
Image_4132.jpg,0
Image_4133.jpg,3
Image_4134.jpg,0
Image_4135.jpg,2
Image_4136.jpg,0
Image_4137.jpg,2
Image_4138.jpg,3
Image_4139.jpg,0
Image_4140.jpg,2
Image_4141.jpg,1
Image_4142.jpg,1
Image_4143.jpg,0
Image_4144.jpg,1
Image_4145.jpg,1
Image_4146.jpg,0
Image_4147.jpg,1
Image_4148.jpg,2
Image_4149.jpg,3
Image_4150.jpg,2
Image_4151.jpg,0
Image_4152.jpg,1
Image_4153.jpg,0
Image_4154.jpg,2
Image_4155.jpg,0
Image_4156.jpg,2
Image_4157.jpg,0
Image_4158.jpg,2
Image_4159.jpg,2
Image_4160.jpg,2
Image_4161.jpg,0
Image_4162.jpg,0
Image_4163.jpg,3
Image_4164.jpg,1
Image_4165.jpg,1
Image_4166.jpg,0
Image_4167.jpg,0
Image_4168.jpg,1
Image_4169.jpg,3
Image_4170.jpg,1
Image_4171.jpg,0
Image_4172.jpg,2
Image_4173.jpg,0
Image_4174.jpg,3
Image_4175.jpg,3
Image_4176.jpg,0
Image_4177.jpg,0
Image_4178.jpg,1
Image_4179.jpg,0
Image_4180.jpg,0
Image_4181.jpg,0
Image_4182.jpg,2
Image_4183.jpg,0
Image_4184.jpg,0
Image_4185.jpg,2
Image_4186.jpg,0
Image_4187.jpg,2
Image_4188.jpg,3
Image_4189.jpg,0
Image_4190.jpg,0
Image_4191.jpg,0
Image_4192.jpg,1
Image_4193.jpg,1
Image_4194.jpg,1
Image_4195.jpg,3
Image_4196.jpg,0
Image_4197.jpg,3
Image_4198.jpg,2
Image_4199.jpg,3
Image_4200.jpg,2
Image_4201.jpg,2
Image_4202.jpg,1
Image_4203.jpg,1
Image_4204.jpg,3
Image_4205.jpg,0
Image_4206.jpg,2
Image_4207.jpg,2
Image_4208.jpg,1
Image_4209.jpg,2
Image_4210.jpg,0
Image_4211.jpg,1
Image_4212.jpg,3
Image_4213.jpg,0
Image_4214.jpg,2
Image_4215.jpg,0
Image_4216.jpg,2
Image_4217.jpg,0
Image_4218.jpg,0
Image_4219.jpg,2
Image_4220.jpg,3
Image_4221.jpg,0
Image_4222.jpg,0
Image_4223.jpg,3
Image_4224.jpg,0
Image_4225.jpg,3
Image_4226.jpg,0
Image_4227.jpg,0
Image_4228.jpg,0
Image_4229.jpg,0
Image_4230.jpg,1
Image_4231.jpg,2
Image_4232.jpg,2
Image_4233.jpg,0
Image_4234.jpg,1
Image_4235.jpg,2
Image_4236.jpg,2
Image_4237.jpg,3
Image_4238.jpg,2
Image_4239.jpg,2
Image_4240.jpg,4
Image_4241.jpg,2
Image_4242.jpg,0
Image_4243.jpg,3
Image_4244.jpg,4
Image_4245.jpg,3
Image_4246.jpg,2
Image_4247.jpg,1
Image_4248.jpg,0
Image_4249.jpg,0
Image_4250.jpg,3
Image_4251.jpg,1
Image_4252.jpg,2
Image_4253.jpg,0
Image_4254.jpg,0
Image_4255.jpg,0
Image_4256.jpg,2
Image_4257.jpg,2
Image_4258.jpg,2
Image_4259.jpg,2
Image_4260.jpg,0
Image_4261.jpg,1
Image_4262.jpg,1
Image_4263.jpg,4
Image_4264.jpg,2
Image_4265.jpg,3
Image_4266.jpg,2
Image_4267.jpg,1
Image_4268.jpg,0
Image_4269.jpg,3
Image_4270.jpg,3
Image_4271.jpg,3
Image_4272.jpg,3
Image_4273.jpg,3
Image_4274.jpg,2
Image_4275.jpg,1
Image_4276.jpg,3
Image_4277.jpg,4
Image_4278.jpg,2
Image_4279.jpg,2
Image_4280.jpg,0
Image_4281.jpg,1
Image_4282.jpg,0
Image_4283.jpg,0
Image_4284.jpg,0
Image_4285.jpg,0
Image_4286.jpg,2
Image_4287.jpg,2
Image_4288.jpg,4
Image_4289.jpg,2
Image_4290.jpg,1
Image_4291.jpg,2
Image_4292.jpg,0
Image_4293.jpg,0
Image_4294.jpg,2
Image_4295.jpg,1
Image_4296.jpg,2
Image_4297.jpg,0
Image_4298.jpg,0
Image_4299.jpg,0
Image_4300.jpg,0
Image_4301.jpg,2
Image_4302.jpg,1
Image_4303.jpg,2
Image_4304.jpg,2
Image_4305.jpg,2
Image_4306.jpg,3
Image_4307.jpg,1
Image_4308.jpg,1
Image_4309.jpg,2
Image_4310.jpg,0
Image_4311.jpg,2
Image_4312.jpg,3
Image_4313.jpg,3
Image_4314.jpg,2
Image_4315.jpg,1
Image_4316.jpg,1
Image_4317.jpg,0
Image_4318.jpg,2
Image_4319.jpg,0
Image_4320.jpg,2
Image_4321.jpg,3
Image_4322.jpg,3
Image_4323.jpg,2
Image_4324.jpg,0
Image_4325.jpg,0
Image_4326.jpg,0
Image_4327.jpg,2
Image_4328.jpg,1
Image_4329.jpg,0
Image_4330.jpg,2
Image_4331.jpg,0
Image_4332.jpg,1
Image_4333.jpg,3
Image_4334.jpg,0
Image_4335.jpg,2
Image_4336.jpg,0
Image_4337.jpg,0
Image_4338.jpg,0
Image_4339.jpg,0
Image_4340.jpg,2
Image_4341.jpg,2
Image_4342.jpg,3
Image_4343.jpg,0
Image_4344.jpg,3
Image_4345.jpg,2
Image_4346.jpg,3
Image_4347.jpg,0
Image_4348.jpg,0
Image_4349.jpg,0
Image_4350.jpg,1
Image_4351.jpg,3
Image_4352.jpg,1
Image_4353.jpg,0
Image_4354.jpg,1
Image_4355.jpg,0
Image_4356.jpg,2
Image_4357.jpg,0
Image_4358.jpg,0
Image_4359.jpg,3
Image_4360.jpg,0
Image_4361.jpg,0
Image_4362.jpg,2
Image_4363.jpg,0
Image_4364.jpg,0
Image_4365.jpg,0
Image_4366.jpg,0
Image_4367.jpg,0
Image_4368.jpg,1
Image_4369.jpg,2
Image_4370.jpg,0
Image_4371.jpg,2
Image_4372.jpg,1
Image_4373.jpg,3
Image_4374.jpg,2
Image_4375.jpg,3
Image_4376.jpg,0
Image_4377.jpg,0
Image_4378.jpg,0
Image_4379.jpg,0
Image_4380.jpg,1
Image_4381.jpg,0
Image_4382.jpg,0
Image_4383.jpg,1
Image_4384.jpg,2
Image_4385.jpg,2
Image_4386.jpg,2
Image_4387.jpg,1
Image_4388.jpg,1
Image_4389.jpg,0
Image_4390.jpg,1
Image_4391.jpg,2
Image_4392.jpg,2
Image_4393.jpg,0
Image_4394.jpg,0
Image_4395.jpg,0
Image_4396.jpg,0
Image_4397.jpg,2
Image_4398.jpg,0
Image_4399.jpg,1
Image_4400.jpg,1
Image_4401.jpg,2
Image_4402.jpg,0
Image_4403.jpg,0
Image_4404.jpg,2
Image_4405.jpg,2
Image_4406.jpg,1
Image_4407.jpg,0
Image_4408.jpg,4
Image_4409.jpg,0
Image_4410.jpg,1
Image_4411.jpg,0
Image_4412.jpg,1
Image_4413.jpg,0
Image_4414.jpg,0
Image_4415.jpg,0
Image_4416.jpg,0
Image_4417.jpg,2
Image_4418.jpg,0
Image_4419.jpg,2
Image_4420.jpg,0
Image_4421.jpg,0
Image_4422.jpg,0
Image_4423.jpg,2
Image_4424.jpg,0
Image_4425.jpg,0
Image_4426.jpg,0
Image_4427.jpg,2
Image_4428.jpg,2
Image_4429.jpg,1
Image_4430.jpg,1
Image_4431.jpg,2
Image_4432.jpg,0
Image_4433.jpg,2
Image_4434.jpg,0
Image_4435.jpg,3
Image_4436.jpg,0
Image_4437.jpg,3
Image_4438.jpg,3
Image_4439.jpg,2
Image_4440.jpg,1
Image_4441.jpg,0
Image_4442.jpg,2
Image_4443.jpg,1
Image_4444.jpg,0
Image_4445.jpg,1
Image_4446.jpg,0
Image_4447.jpg,2
Image_4448.jpg,2
Image_4449.jpg,3
Image_4450.jpg,2
Image_4451.jpg,3
Image_4452.jpg,2
Image_4453.jpg,3
Image_4454.jpg,2
Image_4455.jpg,0
Image_4456.jpg,0
Image_4457.jpg,0
Image_4458.jpg,3
Image_4459.jpg,4
Image_4460.jpg,1
Image_4461.jpg,2
Image_4462.jpg,0
Image_4463.jpg,0
Image_4464.jpg,1
Image_4465.jpg,0
Image_4466.jpg,1
Image_4467.jpg,0
Image_4468.jpg,1
Image_4469.jpg,0
Image_4470.jpg,4
Image_4471.jpg,1
Image_4472.jpg,2
Image_4473.jpg,2
Image_4474.jpg,1
Image_4475.jpg,0
Image_4476.jpg,4
Image_4477.jpg,1
Image_4478.jpg,3
Image_4479.jpg,0
Image_4480.jpg,3
Image_4481.jpg,1
Image_4482.jpg,0
Image_4483.jpg,2
Image_4484.jpg,2
Image_4485.jpg,3
Image_4486.jpg,1
Image_4487.jpg,0
Image_4488.jpg,2
Image_4489.jpg,2
Image_4490.jpg,1
Image_4491.jpg,2
Image_4492.jpg,0
Image_4493.jpg,0
Image_4494.jpg,0
Image_4495.jpg,0
Image_4496.jpg,3
Image_4497.jpg,0
Image_4498.jpg,0
Image_4499.jpg,0
Image_4500.jpg,0
Image_4501.jpg,0
Image_4502.jpg,3
Image_4503.jpg,1
Image_4504.jpg,1
Image_4505.jpg,0
Image_4506.jpg,0
Image_4507.jpg,0
Image_4508.jpg,1
Image_4509.jpg,0
Image_4510.jpg,2
Image_4511.jpg,3
Image_4512.jpg,2
Image_4513.jpg,0
Image_4514.jpg,2
Image_4515.jpg,3
Image_4516.jpg,1
Image_4517.jpg,0
Image_4518.jpg,0
Image_4519.jpg,0
Image_4520.jpg,0
Image_4521.jpg,0
Image_4522.jpg,0
Image_4523.jpg,2
Image_4524.jpg,0
Image_4525.jpg,3
Image_4526.jpg,0
Image_4527.jpg,3
Image_4528.jpg,3
Image_4529.jpg,0
Image_4530.jpg,0
Image_4531.jpg,3
Image_4532.jpg,3
Image_4533.jpg,0
Image_4534.jpg,0
Image_4535.jpg,2
Image_4536.jpg,0
Image_4537.jpg,3
Image_4538.jpg,2
Image_4539.jpg,0
Image_4540.jpg,1
Image_4541.jpg,2
Image_4542.jpg,2
Image_4543.jpg,4
Image_4544.jpg,3
Image_4545.jpg,3
Image_4546.jpg,4
Image_4547.jpg,2
Image_4548.jpg,2
Image_4549.jpg,0
Image_4550.jpg,0
Image_4551.jpg,0
Image_4552.jpg,2
Image_4553.jpg,0
Image_4554.jpg,0
Image_4555.jpg,1
Image_4556.jpg,2
Image_4557.jpg,0
Image_4558.jpg,0
Image_4559.jpg,1
Image_4560.jpg,3
Image_4561.jpg,2
Image_4562.jpg,2
Image_4563.jpg,0
Image_4564.jpg,0
Image_4565.jpg,0
Image_4566.jpg,0
Image_4567.jpg,2
Image_4568.jpg,0
Image_4569.jpg,0
Image_4570.jpg,1
Image_4571.jpg,0
Image_4572.jpg,0
Image_4573.jpg,2
Image_4574.jpg,0
Image_4575.jpg,3
Image_4576.jpg,3
Image_4577.jpg,2
Image_4578.jpg,3
Image_4579.jpg,1
Image_4580.jpg,2
Image_4581.jpg,2
Image_4582.jpg,0
Image_4583.jpg,3
Image_4584.jpg,0
Image_4585.jpg,1
Image_4586.jpg,3
Image_4587.jpg,3
Image_4588.jpg,0
Image_4589.jpg,1
Image_4590.jpg,2
Image_4591.jpg,0
Image_4592.jpg,0
Image_4593.jpg,3
Image_4594.jpg,2
Image_4595.jpg,2
Image_4596.jpg,2
Image_4597.jpg,2
Image_4598.jpg,0
Image_4599.jpg,3
Image_4600.jpg,0
Image_4601.jpg,2
Image_4602.jpg,2
Image_4603.jpg,2
Image_4604.jpg,0
Image_4605.jpg,0
Image_4606.jpg,0
Image_4607.jpg,3
Image_4608.jpg,3
Image_4609.jpg,3
Image_4610.jpg,0
Image_4611.jpg,1
Image_4612.jpg,2
Image_4613.jpg,0
Image_4614.jpg,0
Image_4615.jpg,2
Image_4616.jpg,2
Image_4617.jpg,1
Image_4618.jpg,0
Image_4619.jpg,2
Image_4620.jpg,0
Image_4621.jpg,0
Image_4622.jpg,0
Image_4623.jpg,0
Image_4624.jpg,0
Image_4625.jpg,1
Image_4626.jpg,0
Image_4627.jpg,0
Image_4628.jpg,2
Image_4629.jpg,0
Image_4630.jpg,0
Image_4631.jpg,0
Image_4632.jpg,2
Image_4633.jpg,0
Image_4634.jpg,1
Image_4635.jpg,0
Image_4636.jpg,2
Image_4637.jpg,1
Image_4638.jpg,0
Image_4639.jpg,0
Image_4640.jpg,0
Image_4641.jpg,4
Image_4642.jpg,3
Image_4643.jpg,0
Image_4644.jpg,2
Image_4645.jpg,0
Image_4646.jpg,0
Image_4647.jpg,2
Image_4648.jpg,1
Image_4649.jpg,0
Image_4650.jpg,4
Image_4651.jpg,2
Image_4652.jpg,2
Image_4653.jpg,1
Image_4654.jpg,0
Image_4655.jpg,1
Image_4656.jpg,1
Image_4657.jpg,2
Image_4658.jpg,0
Image_4659.jpg,0
Image_4660.jpg,3
Image_4661.jpg,0
Image_4662.jpg,3
Image_4663.jpg,3
Image_4664.jpg,2
Image_4665.jpg,0
Image_4666.jpg,3
Image_4667.jpg,3
Image_4668.jpg,3
Image_4669.jpg,0
Image_4670.jpg,0
Image_4671.jpg,2
Image_4672.jpg,0
Image_4673.jpg,2
Image_4674.jpg,2
Image_4675.jpg,1
Image_4676.jpg,2
Image_4677.jpg,3
Image_4678.jpg,2
Image_4679.jpg,1
Image_4680.jpg,0
Image_4681.jpg,0
Image_4682.jpg,0
Image_4683.jpg,0
Image_4684.jpg,3
Image_4685.jpg,0
Image_4686.jpg,1
Image_4687.jpg,0
Image_4688.jpg,0
Image_4689.jpg,2
Image_4690.jpg,2
Image_4691.jpg,0
Image_4692.jpg,3
Image_4693.jpg,3
Image_4694.jpg,1
Image_4695.jpg,0
Image_4696.jpg,4
Image_4697.jpg,0
Image_4698.jpg,1
Image_4699.jpg,2
Image_4700.jpg,0
Image_4701.jpg,1
Image_4702.jpg,2
Image_4703.jpg,0
Image_4704.jpg,0
Image_4705.jpg,0
Image_4706.jpg,1
Image_4707.jpg,1
Image_4708.jpg,0
Image_4709.jpg,3
Image_4710.jpg,1
Image_4711.jpg,0
Image_4712.jpg,0
Image_4713.jpg,0
Image_4714.jpg,1
Image_4715.jpg,0
Image_4716.jpg,0
Image_4717.jpg,1
Image_4718.jpg,0
Image_4719.jpg,2
Image_4720.jpg,0
Image_4721.jpg,3
Image_4722.jpg,0
Image_4723.jpg,0
Image_4724.jpg,3
Image_4725.jpg,0
Image_4726.jpg,0
Image_4727.jpg,3
Image_4728.jpg,0
Image_4729.jpg,0
Image_4730.jpg,4
Image_4731.jpg,1
Image_4732.jpg,0
Image_4733.jpg,0
Image_4734.jpg,0
Image_4735.jpg,1
Image_4736.jpg,2
Image_4737.jpg,3
Image_4738.jpg,2
Image_4739.jpg,3
Image_4740.jpg,2
Image_4741.jpg,1
Image_4742.jpg,1
Image_4743.jpg,4
Image_4744.jpg,0
Image_4745.jpg,1
Image_4746.jpg,1
Image_4747.jpg,3
Image_4748.jpg,3
Image_4749.jpg,0
Image_4750.jpg,0
Image_4751.jpg,1
Image_4752.jpg,4
Image_4753.jpg,2
Image_4754.jpg,0
Image_4755.jpg,0
Image_4756.jpg,1
Image_4757.jpg,0
Image_4758.jpg,2
Image_4759.jpg,0
Image_4760.jpg,1
Image_4761.jpg,2
Image_4762.jpg,1
Image_4763.jpg,0
Image_4764.jpg,1
Image_4765.jpg,2
Image_4766.jpg,3
Image_4767.jpg,0
Image_4768.jpg,3
Image_4769.jpg,1
Image_4770.jpg,0
Image_4771.jpg,0
Image_4772.jpg,0
Image_4773.jpg,3
Image_4774.jpg,3
Image_4775.jpg,0
Image_4776.jpg,0
Image_4777.jpg,0
Image_4778.jpg,0
Image_4779.jpg,2
Image_4780.jpg,0
Image_4781.jpg,1
Image_4782.jpg,0
Image_4783.jpg,0
Image_4784.jpg,1
Image_4785.jpg,3
Image_4786.jpg,2
Image_4787.jpg,2
Image_4788.jpg,2
Image_4789.jpg,2
Image_4790.jpg,2
Image_4791.jpg,2
Image_4792.jpg,0
Image_4793.jpg,3
Image_4794.jpg,0
Image_4795.jpg,2
Image_4796.jpg,0
Image_4797.jpg,3
Image_4798.jpg,0
Image_4799.jpg,2
Image_4800.jpg,0
Image_4801.jpg,3
Image_4802.jpg,1
Image_4803.jpg,2
Image_4804.jpg,1
Image_4805.jpg,0
Image_4806.jpg,1
Image_4807.jpg,1
Image_4808.jpg,0
Image_4809.jpg,1
Image_4810.jpg,4
Image_4811.jpg,0
Image_4812.jpg,2
Image_4813.jpg,4
Image_4814.jpg,2
Image_4815.jpg,3
Image_4816.jpg,0
Image_4817.jpg,0
Image_4818.jpg,0
Image_4819.jpg,1
Image_4820.jpg,3
Image_4821.jpg,2
Image_4822.jpg,0
Image_4823.jpg,0
Image_4824.jpg,3
Image_4825.jpg,3
Image_4826.jpg,1
Image_4827.jpg,0
Image_4828.jpg,3
Image_4829.jpg,0
Image_4830.jpg,1
Image_4831.jpg,0
Image_4832.jpg,0
Image_4833.jpg,0
Image_4834.jpg,0
Image_4835.jpg,0
Image_4836.jpg,0
Image_4837.jpg,2
Image_4838.jpg,0
Image_4839.jpg,2
Image_4840.jpg,1
Image_4841.jpg,0
Image_4842.jpg,0
Image_4843.jpg,4
Image_4844.jpg,1
Image_4845.jpg,1
Image_4846.jpg,2
Image_4847.jpg,0
Image_4848.jpg,2
Image_4849.jpg,0
Image_4850.jpg,0
Image_4851.jpg,0
Image_4852.jpg,2
Image_4853.jpg,0
Image_4854.jpg,1
Image_4855.jpg,2
Image_4856.jpg,0
Image_4857.jpg,2
Image_4858.jpg,1
Image_4859.jpg,0
Image_4860.jpg,3
Image_4861.jpg,0
Image_4862.jpg,0
Image_4863.jpg,2
Image_4864.jpg,2
Image_4865.jpg,1
Image_4866.jpg,0
Image_4867.jpg,2
Image_4868.jpg,1
Image_4869.jpg,0
Image_4870.jpg,4
Image_4871.jpg,2
Image_4872.jpg,0
Image_4873.jpg,2
Image_4874.jpg,0
Image_4875.jpg,1
Image_4876.jpg,3
Image_4877.jpg,3
Image_4878.jpg,1
Image_4879.jpg,1
Image_4880.jpg,4
Image_4881.jpg,0
Image_4882.jpg,2
Image_4883.jpg,2
Image_4884.jpg,0
Image_4885.jpg,0
Image_4886.jpg,2
Image_4887.jpg,2
Image_4888.jpg,4
Image_4889.jpg,1
Image_4890.jpg,0
Image_4891.jpg,2
Image_4892.jpg,2
Image_4893.jpg,2
Image_4894.jpg,2
Image_4895.jpg,0
Image_4896.jpg,1
Image_4897.jpg,1
Image_4898.jpg,3
Image_4899.jpg,0
Image_4900.jpg,0
Image_4901.jpg,1
Image_4902.jpg,2
Image_4903.jpg,3
Image_4904.jpg,2
Image_4905.jpg,2
Image_4906.jpg,0
Image_4907.jpg,2
Image_4908.jpg,0
Image_4909.jpg,0
Image_4910.jpg,0
Image_4911.jpg,2
Image_4912.jpg,0
Image_4913.jpg,2
Image_4914.jpg,0
Image_4915.jpg,3
Image_4916.jpg,1
Image_4917.jpg,2
Image_4918.jpg,0
Image_4919.jpg,3
Image_4920.jpg,0
Image_4921.jpg,4
Image_4922.jpg,0
Image_4923.jpg,0
Image_4924.jpg,0
Image_4925.jpg,0
Image_4926.jpg,2
Image_4927.jpg,1
Image_4928.jpg,1
Image_4929.jpg,3
Image_4930.jpg,0
Image_4931.jpg,3
Image_4932.jpg,1
Image_4933.jpg,2
Image_4934.jpg,2
Image_4935.jpg,0
Image_4936.jpg,0
Image_4937.jpg,2
Image_4938.jpg,3
Image_4939.jpg,3
Image_4940.jpg,0
Image_4941.jpg,0
Image_4942.jpg,1
Image_4943.jpg,4
Image_4944.jpg,3
Image_4945.jpg,0
Image_4946.jpg,0
Image_4947.jpg,1
Image_4948.jpg,0
Image_4949.jpg,0
Image_4950.jpg,3
Image_4951.jpg,2
Image_4952.jpg,2
Image_4953.jpg,0
Image_4954.jpg,0
Image_4955.jpg,4
Image_4956.jpg,1
Image_4957.jpg,0
Image_4958.jpg,0
Image_4959.jpg,0
Image_4960.jpg,2
Image_4961.jpg,0
Image_4962.jpg,3
Image_4963.jpg,1
Image_4964.jpg,1
Image_4965.jpg,3
Image_4966.jpg,2
Image_4967.jpg,0
Image_4968.jpg,0
Image_4969.jpg,2
Image_4970.jpg,0
Image_4971.jpg,0
Image_4972.jpg,0
Image_4973.jpg,1
Image_4974.jpg,1
Image_4975.jpg,3
Image_4976.jpg,2
Image_4977.jpg,1
Image_4978.jpg,3
Image_4979.jpg,0
Image_4980.jpg,0
Image_4981.jpg,0
Image_4982.jpg,1
Image_4983.jpg,1
Image_4984.jpg,0
Image_4985.jpg,0
Image_4986.jpg,1
Image_4987.jpg,1
Image_4988.jpg,2
Image_4989.jpg,1
Image_4990.jpg,1
Image_4991.jpg,1
Image_4992.jpg,0
Image_4993.jpg,0
Image_4994.jpg,3
Image_4995.jpg,0
Image_4996.jpg,1
Image_4997.jpg,3
Image_4998.jpg,2
Image_4999.jpg,3
Image_5000.jpg,2
Image_5001.jpg,1
Image_5002.jpg,0
Image_5003.jpg,3
Image_5004.jpg,1
Image_5005.jpg,0
Image_5006.jpg,2
Image_5007.jpg,0
Image_5008.jpg,0
Image_5009.jpg,0
Image_5010.jpg,0
Image_5011.jpg,0
Image_5012.jpg,3
Image_5013.jpg,1
Image_5014.jpg,0
Image_5015.jpg,2
Image_5016.jpg,2
Image_5017.jpg,0
Image_5018.jpg,1
Image_5019.jpg,4
Image_5020.jpg,0
Image_5021.jpg,0
Image_5022.jpg,2
Image_5023.jpg,2
Image_5024.jpg,1
Image_5025.jpg,2
Image_5026.jpg,3
Image_5027.jpg,0
Image_5028.jpg,2
Image_5029.jpg,0
Image_5030.jpg,4
Image_5031.jpg,4
Image_5032.jpg,3
Image_5033.jpg,1
Image_5034.jpg,0
Image_5035.jpg,1
Image_5036.jpg,2
Image_5037.jpg,3
Image_5038.jpg,1
Image_5039.jpg,2
Image_5040.jpg,3
Image_5041.jpg,0
Image_5042.jpg,0
Image_5043.jpg,2
Image_5044.jpg,3
Image_5045.jpg,2
Image_5046.jpg,0
Image_5047.jpg,0
Image_5048.jpg,2
Image_5049.jpg,4
Image_5050.jpg,0
Image_5051.jpg,0
Image_5052.jpg,0
Image_5053.jpg,2
Image_5054.jpg,2
Image_5055.jpg,3
Image_5056.jpg,3
Image_5057.jpg,1
Image_5058.jpg,0
Image_5059.jpg,2
Image_5060.jpg,3
Image_5061.jpg,0
Image_5062.jpg,0
Image_5063.jpg,0
Image_5064.jpg,1
Image_5065.jpg,0
Image_5066.jpg,0
Image_5067.jpg,3
Image_5068.jpg,0
Image_5069.jpg,2
Image_5070.jpg,2
Image_5071.jpg,1
Image_5072.jpg,0
Image_5073.jpg,2
Image_5074.jpg,1
Image_5075.jpg,2
Image_5076.jpg,2
Image_5077.jpg,2
Image_5078.jpg,0
Image_5079.jpg,1
Image_5080.jpg,2
Image_5081.jpg,2
Image_5082.jpg,3
Image_5083.jpg,3
Image_5084.jpg,1
Image_5085.jpg,3
Image_5086.jpg,2
Image_5087.jpg,0
Image_5088.jpg,3
Image_5089.jpg,0
Image_5090.jpg,2
Image_5091.jpg,1
Image_5092.jpg,1
Image_5093.jpg,3
Image_5094.jpg,1
Image_5095.jpg,2
Image_5096.jpg,0
Image_5097.jpg,0
Image_5098.jpg,0
Image_5099.jpg,0
Image_5100.jpg,1
Image_5101.jpg,0
Image_5102.jpg,4
Image_5103.jpg,3
Image_5104.jpg,3
Image_5105.jpg,0
Image_5106.jpg,1
Image_5107.jpg,1
Image_5108.jpg,4
Image_5109.jpg,0
Image_5110.jpg,3
Image_5111.jpg,1
Image_5112.jpg,0
Image_5113.jpg,0
Image_5114.jpg,3
Image_5115.jpg,0
Image_5116.jpg,0
Image_5117.jpg,3
Image_5118.jpg,2
Image_5119.jpg,3
Image_5120.jpg,2
Image_5121.jpg,4
Image_5122.jpg,1
Image_5123.jpg,3
Image_5124.jpg,0
Image_5125.jpg,1
Image_5126.jpg,1
Image_5127.jpg,0
Image_5128.jpg,2
Image_5129.jpg,0
Image_5130.jpg,1
Image_5131.jpg,2
Image_5132.jpg,2
Image_5133.jpg,1
Image_5134.jpg,3
Image_5135.jpg,0
Image_5136.jpg,1
Image_5137.jpg,0
Image_5138.jpg,1
Image_5139.jpg,1
Image_5140.jpg,1
Image_5141.jpg,2
Image_5142.jpg,2
Image_5143.jpg,4
Image_5144.jpg,0
Image_5145.jpg,1
Image_5146.jpg,0
Image_5147.jpg,0
Image_5148.jpg,4
Image_5149.jpg,0
Image_5150.jpg,0
Image_5151.jpg,1
Image_5152.jpg,0
Image_5153.jpg,0
Image_5154.jpg,1
Image_5155.jpg,0
Image_5156.jpg,0
Image_5157.jpg,1
Image_5158.jpg,0
Image_5159.jpg,2
Image_5160.jpg,1
Image_5161.jpg,3
Image_5162.jpg,0
Image_5163.jpg,0
Image_5164.jpg,0
Image_5165.jpg,2
Image_5166.jpg,3
Image_5167.jpg,2
Image_5168.jpg,0
Image_5169.jpg,2
Image_5170.jpg,0
Image_5171.jpg,2
Image_5172.jpg,1
Image_5173.jpg,1
Image_5174.jpg,3
Image_5175.jpg,0
Image_5176.jpg,2
Image_5177.jpg,0
Image_5178.jpg,0
Image_5179.jpg,0
Image_5180.jpg,2
Image_5181.jpg,3
Image_5182.jpg,2
Image_5183.jpg,3
Image_5184.jpg,2
Image_5185.jpg,1
Image_5186.jpg,1
Image_5187.jpg,0
Image_5188.jpg,1
Image_5189.jpg,0
Image_5190.jpg,1
Image_5191.jpg,2
Image_5192.jpg,2
Image_5193.jpg,3
Image_5194.jpg,0
Image_5195.jpg,0
Image_5196.jpg,2
Image_5197.jpg,0
Image_5198.jpg,2
Image_5199.jpg,0
Image_5200.jpg,3
Image_5201.jpg,1
Image_5202.jpg,2
Image_5203.jpg,0
Image_5204.jpg,2
Image_5205.jpg,3
Image_5206.jpg,0
Image_5207.jpg,0
Image_5208.jpg,0
Image_5209.jpg,0
Image_5210.jpg,3
Image_5211.jpg,0
Image_5212.jpg,3
Image_5213.jpg,2
Image_5214.jpg,1
Image_5215.jpg,1
Image_5216.jpg,0
Image_5217.jpg,4
Image_5218.jpg,2
Image_5219.jpg,1
Image_5220.jpg,3
Image_5221.jpg,1
Image_5222.jpg,0
Image_5223.jpg,0
Image_5224.jpg,0
Image_5225.jpg,0
Image_5226.jpg,0
Image_5227.jpg,1
Image_5228.jpg,2
Image_5229.jpg,0
Image_5230.jpg,0
Image_5231.jpg,3
Image_5232.jpg,2
Image_5233.jpg,2
Image_5234.jpg,1
Image_5235.jpg,3
Image_5236.jpg,2
Image_5237.jpg,2
Image_5238.jpg,0
Image_5239.jpg,1
Image_5240.jpg,1
Image_5241.jpg,0
Image_5242.jpg,0
Image_5243.jpg,3
Image_5244.jpg,0
Image_5245.jpg,2
Image_5246.jpg,0
Image_5247.jpg,0
Image_5248.jpg,3
Image_5249.jpg,0
Image_5250.jpg,1
Image_5251.jpg,2
Image_5252.jpg,3
Image_5253.jpg,0
Image_5254.jpg,0
Image_5255.jpg,0
Image_5256.jpg,3
Image_5257.jpg,3
Image_5258.jpg,0
Image_5259.jpg,2
Image_5260.jpg,2
Image_5261.jpg,0
Image_5262.jpg,0
Image_5263.jpg,3
Image_5264.jpg,0
Image_5265.jpg,0
Image_5266.jpg,3
Image_5267.jpg,0
Image_5268.jpg,3
Image_5269.jpg,1
Image_5270.jpg,0
Image_5271.jpg,0
Image_5272.jpg,1
Image_5273.jpg,2
Image_5274.jpg,2
Image_5275.jpg,3
Image_5276.jpg,0
Image_5277.jpg,0
Image_5278.jpg,3
Image_5279.jpg,0
Image_5280.jpg,2
Image_5281.jpg,1
Image_5282.jpg,1
Image_5283.jpg,0
Image_5284.jpg,3
Image_5285.jpg,1
Image_5286.jpg,0
Image_5287.jpg,0
Image_5288.jpg,0
Image_5289.jpg,2
Image_5290.jpg,0
Image_5291.jpg,1
Image_5292.jpg,1
Image_5293.jpg,2
Image_5294.jpg,2
Image_5295.jpg,0
Image_5296.jpg,0
Image_5297.jpg,4
Image_5298.jpg,3
Image_5299.jpg,2
Image_5300.jpg,2
Image_5301.jpg,2
Image_5302.jpg,0
Image_5303.jpg,1
Image_5304.jpg,0
Image_5305.jpg,1
Image_5306.jpg,0
Image_5307.jpg,1
Image_5308.jpg,3
Image_5309.jpg,0
Image_5310.jpg,2
Image_5311.jpg,3
Image_5312.jpg,0
Image_5313.jpg,2
Image_5314.jpg,2
Image_5315.jpg,2
Image_5316.jpg,3
Image_5317.jpg,1
Image_5318.jpg,1
Image_5319.jpg,1
Image_5320.jpg,2
Image_5321.jpg,0
Image_5322.jpg,3
Image_5323.jpg,1
Image_5324.jpg,3
Image_5325.jpg,3
Image_5326.jpg,1
Image_5327.jpg,2
Image_5328.jpg,2
Image_5329.jpg,2
Image_5330.jpg,0
Image_5331.jpg,2
Image_5332.jpg,1
Image_5333.jpg,3
Image_5334.jpg,2
Image_5335.jpg,3
Image_5336.jpg,0
Image_5337.jpg,2
Image_5338.jpg,2
Image_5339.jpg,4
Image_5340.jpg,0
Image_5341.jpg,1
Image_5342.jpg,0
Image_5343.jpg,2
Image_5344.jpg,0
Image_5345.jpg,2
Image_5346.jpg,0
Image_5347.jpg,0
Image_5348.jpg,2
Image_5349.jpg,0
Image_5350.jpg,0
Image_5351.jpg,2
Image_5352.jpg,2
Image_5353.jpg,0
Image_5354.jpg,1
Image_5355.jpg,3
Image_5356.jpg,2
Image_5357.jpg,0
Image_5358.jpg,2
Image_5359.jpg,2
Image_5360.jpg,3
Image_5361.jpg,2
Image_5362.jpg,0
Image_5363.jpg,0
Image_5364.jpg,1
Image_5365.jpg,0
Image_5366.jpg,3
Image_5367.jpg,2
Image_5368.jpg,2
Image_5369.jpg,4
Image_5370.jpg,0
Image_5371.jpg,2
Image_5372.jpg,0
Image_5373.jpg,2
Image_5374.jpg,0
Image_5375.jpg,3
Image_5376.jpg,2
Image_5377.jpg,1
Image_5378.jpg,2
Image_5379.jpg,1
Image_5380.jpg,0
Image_5381.jpg,2
Image_5382.jpg,2
Image_5383.jpg,0
Image_5384.jpg,0
Image_5385.jpg,0
Image_5386.jpg,0
Image_5387.jpg,0
Image_5388.jpg,2
Image_5389.jpg,1
Image_5390.jpg,0
Image_5391.jpg,2
Image_5392.jpg,1
Image_5393.jpg,2
Image_5394.jpg,0
Image_5395.jpg,2
Image_5396.jpg,2
Image_5397.jpg,2
Image_5398.jpg,2
Image_5399.jpg,1
Image_5400.jpg,0
Image_5401.jpg,1
Image_5402.jpg,3
Image_5403.jpg,0
Image_5404.jpg,0
Image_5405.jpg,0
Image_5406.jpg,0
Image_5407.jpg,1
Image_5408.jpg,3
Image_5409.jpg,0
Image_5410.jpg,1
Image_5411.jpg,1
Image_5412.jpg,2
Image_5413.jpg,1
Image_5414.jpg,1
Image_5415.jpg,1
Image_5416.jpg,3
Image_5417.jpg,1
Image_5418.jpg,1
Image_5419.jpg,2
Image_5420.jpg,1
Image_5421.jpg,3
Image_5422.jpg,0
Image_5423.jpg,0
Image_5424.jpg,1
Image_5425.jpg,3
Image_5426.jpg,0
Image_5427.jpg,4
Image_5428.jpg,2
Image_5429.jpg,3
Image_5430.jpg,0
Image_5431.jpg,0
Image_5432.jpg,2
Image_5433.jpg,1
Image_5434.jpg,0
Image_5435.jpg,0
Image_5436.jpg,2
Image_5437.jpg,0
Image_5438.jpg,2
Image_5439.jpg,0
Image_5440.jpg,0
Image_5441.jpg,0
Image_5442.jpg,1
Image_5443.jpg,1
Image_5444.jpg,0
Image_5445.jpg,4
Image_5446.jpg,3
Image_5447.jpg,3
Image_5448.jpg,2
Image_5449.jpg,2
Image_5450.jpg,0
Image_5451.jpg,0
Image_5452.jpg,0
Image_5453.jpg,0
Image_5454.jpg,1
Image_5455.jpg,2
Image_5456.jpg,0
Image_5457.jpg,3
Image_5458.jpg,1
Image_5459.jpg,0
Image_5460.jpg,0
Image_5461.jpg,2
Image_5462.jpg,0
Image_5463.jpg,1
Image_5464.jpg,3
Image_5465.jpg,0
Image_5466.jpg,4
Image_5467.jpg,0
Image_5468.jpg,0
Image_5469.jpg,0
Image_5470.jpg,2
Image_5471.jpg,2
Image_5472.jpg,1
Image_5473.jpg,3
Image_5474.jpg,1
Image_5475.jpg,0
Image_5476.jpg,4
Image_5477.jpg,0
Image_5478.jpg,0
Image_5479.jpg,1
Image_5480.jpg,4
Image_5481.jpg,0
Image_5482.jpg,0
Image_5483.jpg,1
Image_5484.jpg,0
Image_5485.jpg,0
Image_5486.jpg,1
Image_5487.jpg,0
Image_5488.jpg,1
Image_5489.jpg,0
Image_5490.jpg,0
Image_5491.jpg,1
Image_5492.jpg,0
Image_5493.jpg,3
Image_5494.jpg,1
Image_5495.jpg,2
Image_5496.jpg,4
Image_5497.jpg,2
Image_5498.jpg,2
Image_5499.jpg,1
Image_5500.jpg,4
Image_5501.jpg,2
Image_5502.jpg,0
Image_5503.jpg,1
Image_5504.jpg,1
Image_5505.jpg,0
Image_5506.jpg,2
Image_5507.jpg,3
Image_5508.jpg,0
Image_5509.jpg,3
Image_5510.jpg,0
Image_5511.jpg,1
Image_5512.jpg,0
Image_5513.jpg,0
Image_5514.jpg,0
Image_5515.jpg,0
Image_5516.jpg,1
Image_5517.jpg,1
Image_5518.jpg,2
Image_5519.jpg,2
Image_5520.jpg,2
Image_5521.jpg,2
Image_5522.jpg,2
Image_5523.jpg,0
Image_5524.jpg,0
Image_5525.jpg,0
Image_5526.jpg,0
Image_5527.jpg,0
Image_5528.jpg,3
Image_5529.jpg,3
Image_5530.jpg,0
Image_5531.jpg,3
Image_5532.jpg,0
Image_5533.jpg,0
Image_5534.jpg,1
Image_5535.jpg,3
Image_5536.jpg,1
Image_5537.jpg,1
Image_5538.jpg,0
Image_5539.jpg,1
Image_5540.jpg,2
Image_5541.jpg,0
Image_5542.jpg,3
Image_5543.jpg,0
Image_5544.jpg,1
Image_5545.jpg,2
Image_5546.jpg,2
Image_5547.jpg,3
Image_5548.jpg,1
Image_5549.jpg,2
Image_5550.jpg,2
Image_5551.jpg,0
Image_5552.jpg,0
Image_5553.jpg,3
Image_5554.jpg,1
Image_5555.jpg,3
Image_5556.jpg,0
Image_5557.jpg,2
Image_5558.jpg,1
Image_5559.jpg,0
Image_5560.jpg,0
Image_5561.jpg,3
Image_5562.jpg,0
Image_5563.jpg,1
Image_5564.jpg,2
Image_5565.jpg,0
Image_5566.jpg,0
Image_5567.jpg,0
Image_5568.jpg,1
Image_5569.jpg,4
Image_5570.jpg,0
Image_5571.jpg,2
Image_5572.jpg,0
Image_5573.jpg,1
Image_5574.jpg,1
Image_5575.jpg,2
Image_5576.jpg,1
Image_5577.jpg,0
Image_5578.jpg,1
Image_5579.jpg,3
Image_5580.jpg,2
Image_5581.jpg,2
Image_5582.jpg,0
Image_5583.jpg,2
Image_5584.jpg,0
Image_5585.jpg,0
Image_5586.jpg,0
Image_5587.jpg,3
Image_5588.jpg,3
Image_5589.jpg,2
Image_5590.jpg,0
Image_5591.jpg,3
Image_5592.jpg,2
Image_5593.jpg,1
Image_5594.jpg,1
Image_5595.jpg,0
Image_5596.jpg,0
Image_5597.jpg,1
Image_5598.jpg,0
Image_5599.jpg,2
Image_5600.jpg,3
Image_5601.jpg,0
Image_5602.jpg,2
Image_5603.jpg,0
Image_5604.jpg,4
Image_5605.jpg,2
Image_5606.jpg,2
Image_5607.jpg,0
Image_5608.jpg,0
Image_5609.jpg,3
Image_5610.jpg,0
Image_5611.jpg,1
Image_5612.jpg,2
Image_5613.jpg,0
Image_5614.jpg,0
Image_5615.jpg,0
Image_5616.jpg,1
Image_5617.jpg,0
Image_5618.jpg,2
Image_5619.jpg,0
Image_5620.jpg,2
Image_5621.jpg,1
Image_5622.jpg,0
Image_5623.jpg,2
Image_5624.jpg,0
Image_5625.jpg,0
Image_5626.jpg,0
Image_5627.jpg,1
Image_5628.jpg,2
Image_5629.jpg,0
Image_5630.jpg,2
Image_5631.jpg,2
Image_5632.jpg,0
Image_5633.jpg,0
Image_5634.jpg,0
Image_5635.jpg,4
Image_5636.jpg,2
Image_5637.jpg,1
Image_5638.jpg,0
Image_5639.jpg,1
Image_5640.jpg,0
Image_5641.jpg,0
Image_5642.jpg,3
Image_5643.jpg,0
Image_5644.jpg,1
Image_5645.jpg,0
Image_5646.jpg,2
Image_5647.jpg,3
Image_5648.jpg,1
Image_5649.jpg,0
Image_5650.jpg,1
Image_5651.jpg,1
Image_5652.jpg,0
Image_5653.jpg,0
Image_5654.jpg,1
Image_5655.jpg,0
Image_5656.jpg,1
Image_5657.jpg,2
Image_5658.jpg,2
Image_5659.jpg,2
Image_5660.jpg,0
Image_5661.jpg,2
Image_5662.jpg,0
Image_5663.jpg,3
Image_5664.jpg,1
Image_5665.jpg,2
Image_5666.jpg,2
Image_5667.jpg,0
Image_5668.jpg,1
Image_5669.jpg,3
Image_5670.jpg,0
Image_5671.jpg,2
Image_5672.jpg,2
Image_5673.jpg,1
Image_5674.jpg,2
Image_5675.jpg,4
Image_5676.jpg,4
Image_5677.jpg,3
Image_5678.jpg,2
Image_5679.jpg,2
Image_5680.jpg,2
Image_5681.jpg,3
Image_5682.jpg,2
Image_5683.jpg,0
Image_5684.jpg,2
Image_5685.jpg,3
Image_5686.jpg,2
Image_5687.jpg,0
Image_5688.jpg,3
Image_5689.jpg,0
Image_5690.jpg,3
Image_5691.jpg,2
Image_5692.jpg,0
Image_5693.jpg,0
Image_5694.jpg,3
Image_5695.jpg,0
Image_5696.jpg,0
Image_5697.jpg,2
Image_5698.jpg,0
Image_5699.jpg,0
Image_5700.jpg,0
Image_5701.jpg,1
Image_5702.jpg,2
Image_5703.jpg,3
Image_5704.jpg,0
Image_5705.jpg,0
Image_5706.jpg,1
Image_5707.jpg,1
Image_5708.jpg,0
Image_5709.jpg,2
Image_5710.jpg,3
Image_5711.jpg,0
Image_5712.jpg,2
Image_5713.jpg,1
Image_5714.jpg,0
Image_5715.jpg,2
Image_5716.jpg,1
Image_5717.jpg,0
Image_5718.jpg,0
Image_5719.jpg,0
Image_5720.jpg,2
Image_5721.jpg,3
Image_5722.jpg,0
Image_5723.jpg,2
Image_5724.jpg,1
Image_5725.jpg,0
Image_5726.jpg,0
Image_5727.jpg,0
Image_5728.jpg,2
Image_5729.jpg,3
Image_5730.jpg,0
Image_5731.jpg,0
Image_5732.jpg,0
Image_5733.jpg,0
Image_5734.jpg,4
Image_5735.jpg,0
Image_5736.jpg,2
Image_5737.jpg,2
Image_5738.jpg,1
Image_5739.jpg,1
Image_5740.jpg,0
Image_5741.jpg,0
Image_5742.jpg,0
Image_5743.jpg,0
Image_5744.jpg,2
Image_5745.jpg,0
Image_5746.jpg,1
Image_5747.jpg,0
Image_5748.jpg,2
Image_5749.jpg,3
Image_5750.jpg,4
Image_5751.jpg,0
Image_5752.jpg,0
Image_5753.jpg,4
Image_5754.jpg,2
Image_5755.jpg,2
Image_5756.jpg,1
Image_5757.jpg,1
Image_5758.jpg,3
Image_5759.jpg,2
Image_5760.jpg,0
Image_5761.jpg,3
Image_5762.jpg,1
Image_5763.jpg,0
Image_5764.jpg,2
Image_5765.jpg,3
Image_5766.jpg,1
Image_5767.jpg,1
Image_5768.jpg,3
Image_5769.jpg,2
Image_5770.jpg,3
Image_5771.jpg,1
Image_5772.jpg,0
Image_5773.jpg,0
Image_5774.jpg,0
Image_5775.jpg,0
Image_5776.jpg,2
Image_5777.jpg,2
Image_5778.jpg,0
Image_5779.jpg,0
Image_5780.jpg,3
Image_5781.jpg,2
Image_5782.jpg,0
Image_5783.jpg,0
Image_5784.jpg,3
Image_5785.jpg,2
Image_5786.jpg,2
Image_5787.jpg,0
Image_5788.jpg,1
Image_5789.jpg,0
Image_5790.jpg,0
Image_5791.jpg,3
Image_5792.jpg,2
Image_5793.jpg,2
Image_5794.jpg,0
Image_5795.jpg,2
Image_5796.jpg,0
Image_5797.jpg,3
Image_5798.jpg,2
Image_5799.jpg,2
Image_5800.jpg,3
Image_5801.jpg,0
Image_5802.jpg,0
Image_5803.jpg,2
Image_5804.jpg,0
Image_5805.jpg,0
Image_5806.jpg,3
Image_5807.jpg,0
Image_5808.jpg,0
Image_5809.jpg,0
Image_5810.jpg,0
Image_5811.jpg,1
Image_5812.jpg,4
Image_5813.jpg,1
Image_5814.jpg,3
Image_5815.jpg,0
Image_5816.jpg,2
Image_5817.jpg,1
Image_5818.jpg,1
Image_5819.jpg,3
Image_5820.jpg,2
Image_5821.jpg,2
Image_5822.jpg,0
Image_5823.jpg,0
Image_5824.jpg,0
Image_5825.jpg,2
Image_5826.jpg,0
Image_5827.jpg,0
Image_5828.jpg,2
Image_5829.jpg,2
Image_5830.jpg,0
Image_5831.jpg,0
Image_5832.jpg,2
Image_5833.jpg,0
Image_5834.jpg,2
Image_5835.jpg,0
Image_5836.jpg,3
Image_5837.jpg,3
Image_5838.jpg,0
Image_5839.jpg,0
Image_5840.jpg,2
Image_5841.jpg,0
Image_5842.jpg,0
Image_5843.jpg,0
Image_5844.jpg,0
Image_5845.jpg,0
Image_5846.jpg,0
Image_5847.jpg,0
Image_5848.jpg,0
Image_5849.jpg,0
Image_5850.jpg,2
Image_5851.jpg,0
Image_5852.jpg,1
Image_5853.jpg,2
Image_5854.jpg,2
Image_5855.jpg,0
Image_5856.jpg,2
Image_5857.jpg,2
Image_5858.jpg,2
Image_5859.jpg,2
Image_5860.jpg,2
Image_5861.jpg,0
Image_5862.jpg,0
Image_5863.jpg,2
Image_5864.jpg,2
Image_5865.jpg,2
Image_5866.jpg,0
Image_5867.jpg,0
Image_5868.jpg,2
Image_5869.jpg,1
Image_5870.jpg,0
Image_5871.jpg,3
Image_5872.jpg,1
Image_5873.jpg,2
Image_5874.jpg,2
Image_5875.jpg,1
Image_5876.jpg,0
Image_5877.jpg,3
Image_5878.jpg,0
Image_5879.jpg,3
Image_5880.jpg,2
Image_5881.jpg,3
Image_5882.jpg,0
Image_5883.jpg,0
Image_5884.jpg,3
Image_5885.jpg,0
Image_5886.jpg,0
Image_5887.jpg,0
Image_5888.jpg,2
Image_5889.jpg,2
Image_5890.jpg,0
Image_5891.jpg,2
Image_5892.jpg,0
Image_5893.jpg,2
Image_5894.jpg,2
Image_5895.jpg,2
Image_5896.jpg,2
Image_5897.jpg,1
Image_5898.jpg,0
Image_5899.jpg,2
Image_5900.jpg,0
Image_5901.jpg,3
Image_5902.jpg,0
Image_5903.jpg,0
Image_5904.jpg,0
Image_5905.jpg,2
Image_5906.jpg,2
Image_5907.jpg,0
Image_5908.jpg,2
Image_5909.jpg,0
Image_5910.jpg,0
Image_5911.jpg,2
Image_5912.jpg,2
Image_5913.jpg,0
Image_5914.jpg,1
Image_5915.jpg,2
Image_5916.jpg,1
Image_5917.jpg,0
Image_5918.jpg,1
Image_5919.jpg,0
Image_5920.jpg,0
Image_5921.jpg,3
Image_5922.jpg,1
Image_5923.jpg,2
Image_5924.jpg,2
Image_5925.jpg,0
Image_5926.jpg,0
Image_5927.jpg,0
Image_5928.jpg,2
Image_5929.jpg,0
Image_5930.jpg,0
Image_5931.jpg,3
Image_5932.jpg,2
Image_5933.jpg,3
Image_5934.jpg,0
Image_5935.jpg,3
Image_5936.jpg,2
Image_5937.jpg,4
Image_5938.jpg,0
Image_5939.jpg,0
Image_5940.jpg,2
Image_5941.jpg,1
Image_5942.jpg,2
Image_5943.jpg,2
Image_5944.jpg,2
Image_5945.jpg,3
Image_5946.jpg,0
Image_5947.jpg,0
Image_5948.jpg,2
Image_5949.jpg,0
Image_5950.jpg,3
Image_5951.jpg,1
Image_5952.jpg,3
Image_5953.jpg,0
Image_5954.jpg,0
Image_5955.jpg,2
Image_5956.jpg,0
Image_5957.jpg,1
Image_5958.jpg,3
Image_5959.jpg,0
Image_5960.jpg,0
Image_5961.jpg,3
Image_5962.jpg,3
Image_5963.jpg,0
Image_5964.jpg,2
Image_5965.jpg,0
Image_5966.jpg,0
Image_5967.jpg,2
Image_5968.jpg,2
Image_5969.jpg,2
Image_5970.jpg,2
Image_5971.jpg,2
Image_5972.jpg,2
Image_5973.jpg,1
Image_5974.jpg,2
Image_5975.jpg,2
Image_5976.jpg,1
Image_5977.jpg,0
Image_5978.jpg,1
Image_5979.jpg,0
Image_5980.jpg,1
Image_5981.jpg,0
Image_5982.jpg,4
Image_5983.jpg,3
Image_5984.jpg,0
Image_5985.jpg,0
Image_5986.jpg,1
Image_5987.jpg,1
Image_5988.jpg,2
Image_5989.jpg,2
Image_5990.jpg,0
Image_5991.jpg,3
Image_5992.jpg,0
Image_5993.jpg,1
Image_5994.jpg,2
Image_5995.jpg,0
Image_5996.jpg,1
Image_5997.jpg,0
Image_5998.jpg,3
Image_5999.jpg,2
Image_6000.jpg,1
Image_6001.jpg,0
Image_6002.jpg,4
Image_6003.jpg,3
Image_6004.jpg,3
Image_6005.jpg,1
Image_6006.jpg,1
Image_6007.jpg,3
Image_6008.jpg,1
Image_6009.jpg,3
Image_6010.jpg,0
Image_6011.jpg,2
Image_6012.jpg,1
Image_6013.jpg,3
Image_6014.jpg,0
Image_6015.jpg,2
Image_6016.jpg,3
Image_6017.jpg,0
Image_6018.jpg,2
Image_6019.jpg,1
Image_6020.jpg,0
Image_6021.jpg,0
Image_6022.jpg,0
Image_6023.jpg,0
Image_6024.jpg,2
Image_6025.jpg,3
Image_6026.jpg,2
Image_6027.jpg,0
Image_6028.jpg,0
Image_6029.jpg,0
Image_6030.jpg,2
Image_6031.jpg,1
Image_6032.jpg,0
Image_6033.jpg,1
Image_6034.jpg,0
Image_6035.jpg,0
Image_6036.jpg,3
Image_6037.jpg,1
Image_6038.jpg,0
Image_6039.jpg,1
Image_6040.jpg,0
Image_6041.jpg,2
Image_6042.jpg,2
Image_6043.jpg,3
Image_6044.jpg,3
Image_6045.jpg,4
Image_6046.jpg,2
Image_6047.jpg,2
Image_6048.jpg,2
Image_6049.jpg,0
Image_6050.jpg,2
Image_6051.jpg,2
Image_6052.jpg,1
Image_6053.jpg,2
Image_6054.jpg,0
Image_6055.jpg,0
Image_6056.jpg,2
Image_6057.jpg,1
Image_6058.jpg,1
Image_6059.jpg,2
Image_6060.jpg,3
Image_6061.jpg,2
Image_6062.jpg,1
Image_6063.jpg,3
Image_6064.jpg,0
Image_6065.jpg,3
Image_6066.jpg,0
Image_6067.jpg,0
Image_6068.jpg,0
Image_6069.jpg,2
Image_6070.jpg,0
Image_6071.jpg,0
Image_6072.jpg,3
Image_6073.jpg,1
Image_6074.jpg,0
Image_6075.jpg,2
Image_6076.jpg,0
Image_6077.jpg,3
Image_6078.jpg,0
Image_6079.jpg,0
Image_6080.jpg,2
Image_6081.jpg,2
Image_6082.jpg,0
Image_6083.jpg,2
Image_6084.jpg,1
Image_6085.jpg,0
Image_6086.jpg,2
Image_6087.jpg,4
Image_6088.jpg,2
Image_6089.jpg,0
Image_6090.jpg,2
Image_6091.jpg,3
Image_6092.jpg,0
Image_6093.jpg,0
Image_6094.jpg,0
Image_6095.jpg,3
Image_6096.jpg,0
Image_6097.jpg,1
Image_6098.jpg,3
Image_6099.jpg,2
Image_6100.jpg,2
Image_6101.jpg,0
Image_6102.jpg,2
Image_6103.jpg,1
Image_6104.jpg,2
Image_6105.jpg,2
Image_6106.jpg,3
Image_6107.jpg,2
Image_6108.jpg,3
Image_6109.jpg,2
Image_6110.jpg,0
Image_6111.jpg,1
Image_6112.jpg,2
Image_6113.jpg,0
Image_6114.jpg,0
Image_6115.jpg,2
Image_6116.jpg,4
Image_6117.jpg,2
Image_6118.jpg,0
Image_6119.jpg,4
Image_6120.jpg,0
Image_6121.jpg,0
Image_6122.jpg,1
Image_6123.jpg,1
Image_6124.jpg,2
Image_6125.jpg,2
Image_6126.jpg,1
Image_6127.jpg,2
Image_6128.jpg,2
Image_6129.jpg,0
Image_6130.jpg,4
Image_6131.jpg,2
Image_6132.jpg,0
Image_6133.jpg,2
Image_6134.jpg,0
Image_6135.jpg,4
Image_6136.jpg,0
Image_6137.jpg,0
Image_6138.jpg,1
Image_6139.jpg,1
Image_6140.jpg,2
Image_6141.jpg,4
Image_6142.jpg,3
Image_6143.jpg,0
Image_6144.jpg,0
Image_6145.jpg,0
Image_6146.jpg,0
Image_6147.jpg,0
Image_6148.jpg,3
Image_6149.jpg,2
Image_6150.jpg,0
Image_6151.jpg,2
Image_6152.jpg,2
Image_6153.jpg,3
Image_6154.jpg,3
Image_6155.jpg,3
Image_6156.jpg,0
Image_6157.jpg,3
Image_6158.jpg,2
Image_6159.jpg,0
Image_6160.jpg,0
Image_6161.jpg,0
Image_6162.jpg,2
Image_6163.jpg,3
Image_6164.jpg,1
Image_6165.jpg,2
Image_6166.jpg,1
Image_6167.jpg,3
Image_6168.jpg,0
Image_6169.jpg,0
Image_6170.jpg,3
Image_6171.jpg,2
Image_6172.jpg,0
Image_6173.jpg,2
Image_6174.jpg,1
Image_6175.jpg,1
Image_6176.jpg,0
Image_6177.jpg,1
Image_6178.jpg,4
Image_6179.jpg,1
Image_6180.jpg,1
Image_6181.jpg,4
Image_6182.jpg,0
Image_6183.jpg,2
Image_6184.jpg,2
Image_6185.jpg,0
Image_6186.jpg,0
Image_6187.jpg,1
Image_6188.jpg,2
Image_6189.jpg,0
Image_6190.jpg,0
Image_6191.jpg,2
Image_6192.jpg,3
Image_6193.jpg,2
Image_6194.jpg,1
Image_6195.jpg,0
Image_6196.jpg,1
Image_6197.jpg,2
Image_6198.jpg,0
Image_6199.jpg,0
Image_6200.jpg,0
Image_6201.jpg,0
Image_6202.jpg,1
Image_6203.jpg,2
Image_6204.jpg,0
Image_6205.jpg,2
Image_6206.jpg,2
Image_6207.jpg,2
Image_6208.jpg,1
Image_6209.jpg,0
Image_6210.jpg,0
Image_6211.jpg,0
Image_6212.jpg,2
Image_6213.jpg,3
Image_6214.jpg,0
Image_6215.jpg,2
Image_6216.jpg,2
Image_6217.jpg,1
Image_6218.jpg,1
Image_6219.jpg,2
Image_6220.jpg,4
Image_6221.jpg,1
Image_6222.jpg,0
Image_6223.jpg,0
Image_6224.jpg,3
Image_6225.jpg,0
Image_6226.jpg,0
Image_6227.jpg,0
Image_6228.jpg,0
Image_6229.jpg,0
Image_6230.jpg,0
Image_6231.jpg,0
Image_6232.jpg,0
Image_6233.jpg,1
Image_6234.jpg,0
Image_6235.jpg,2
Image_6236.jpg,0
Image_6237.jpg,3
Image_6238.jpg,2
Image_6239.jpg,0
Image_6240.jpg,1
Image_6241.jpg,0
Image_6242.jpg,2
Image_6243.jpg,2
Image_6244.jpg,2
Image_6245.jpg,0
Image_6246.jpg,0
Image_6247.jpg,2
Image_6248.jpg,0
Image_6249.jpg,1
Image_6250.jpg,1
Image_6251.jpg,2
Image_6252.jpg,0
Image_6253.jpg,2
Image_6254.jpg,0
Image_6255.jpg,2
Image_6256.jpg,0
Image_6257.jpg,3
Image_6258.jpg,2
Image_6259.jpg,1
Image_6260.jpg,3
Image_6261.jpg,0
Image_6262.jpg,2
Image_6263.jpg,0
Image_6264.jpg,0
Image_6265.jpg,3
Image_6266.jpg,3
Image_6267.jpg,2
Image_6268.jpg,2
Image_6269.jpg,0
Image_6270.jpg,0
Image_6271.jpg,0
Image_6272.jpg,1
Image_6273.jpg,0
Image_6274.jpg,0
Image_6275.jpg,1
Image_6276.jpg,0
Image_6277.jpg,3
Image_6278.jpg,0
Image_6279.jpg,2
Image_6280.jpg,0
Image_6281.jpg,2
Image_6282.jpg,2
Image_6283.jpg,2
Image_6284.jpg,3
Image_6285.jpg,2
Image_6286.jpg,2
Image_6287.jpg,1
Image_6288.jpg,0
Image_6289.jpg,0
Image_6290.jpg,1
Image_6291.jpg,0
Image_6292.jpg,0
Image_6293.jpg,0
Image_6294.jpg,0
Image_6295.jpg,1
Image_6296.jpg,2
Image_6297.jpg,2
Image_6298.jpg,1
Image_6299.jpg,1
Image_6300.jpg,0
Image_6301.jpg,0
Image_6302.jpg,2
Image_6303.jpg,2
Image_6304.jpg,0
Image_6305.jpg,1
Image_6306.jpg,0
Image_6307.jpg,0
Image_6308.jpg,0
Image_6309.jpg,1
Image_6310.jpg,1
Image_6311.jpg,3
Image_6312.jpg,2
Image_6313.jpg,0
Image_6314.jpg,0
Image_6315.jpg,0
Image_6316.jpg,1
Image_6317.jpg,3
Image_6318.jpg,0
Image_6319.jpg,0
Image_6320.jpg,3
Image_6321.jpg,0
Image_6322.jpg,1
Image_6323.jpg,1
Image_6324.jpg,0
Image_6325.jpg,1
Image_6326.jpg,2
Image_6327.jpg,2
Image_6328.jpg,4
Image_6329.jpg,2
Image_6330.jpg,3
Image_6331.jpg,0
Image_6332.jpg,0
Image_6333.jpg,0
Image_6334.jpg,0
Image_6335.jpg,2
Image_6336.jpg,4
Image_6337.jpg,1
Image_6338.jpg,0
Image_6339.jpg,0
Image_6340.jpg,2
Image_6341.jpg,3
Image_6342.jpg,3
Image_6343.jpg,3
Image_6344.jpg,0
Image_6345.jpg,1
Image_6346.jpg,1
Image_6347.jpg,4
Image_6348.jpg,2
Image_6349.jpg,0
Image_6350.jpg,0
Image_6351.jpg,0
Image_6352.jpg,0
Image_6353.jpg,1
Image_6354.jpg,2
Image_6355.jpg,2
Image_6356.jpg,0
Image_6357.jpg,2
Image_6358.jpg,3
Image_6359.jpg,0
Image_6360.jpg,2
Image_6361.jpg,0
Image_6362.jpg,0
Image_6363.jpg,0
Image_6364.jpg,2
Image_6365.jpg,1
Image_6366.jpg,0
Image_6367.jpg,2
Image_6368.jpg,0
Image_6369.jpg,0
Image_6370.jpg,2
Image_6371.jpg,2
Image_6372.jpg,2
Image_6373.jpg,1
Image_6374.jpg,2
Image_6375.jpg,0
Image_6376.jpg,1
Image_6377.jpg,1
Image_6378.jpg,3
Image_6379.jpg,3
Image_6380.jpg,2
Image_6381.jpg,0
Image_6382.jpg,0
Image_6383.jpg,0
Image_6384.jpg,3
Image_6385.jpg,2
Image_6386.jpg,0
Image_6387.jpg,2
Image_6388.jpg,0
Image_6389.jpg,0
Image_6390.jpg,1
Image_6391.jpg,0
Image_6392.jpg,3
Image_6393.jpg,0
Image_6394.jpg,0
Image_6395.jpg,1
Image_6396.jpg,0
Image_6397.jpg,0
Image_6398.jpg,0
Image_6399.jpg,0
Image_6400.jpg,2
Image_6401.jpg,0
Image_6402.jpg,0
Image_6403.jpg,2
Image_6404.jpg,0
Image_6405.jpg,0
Image_6406.jpg,1
Image_6407.jpg,0
Image_6408.jpg,1
Image_6409.jpg,0
Image_6410.jpg,2
Image_6411.jpg,4
Image_6412.jpg,2
Image_6413.jpg,0
Image_6414.jpg,0
Image_6415.jpg,1
Image_6416.jpg,4
Image_6417.jpg,2
Image_6418.jpg,3
Image_6419.jpg,3
Image_6420.jpg,0
Image_6421.jpg,3
Image_6422.jpg,3
Image_6423.jpg,0
Image_6424.jpg,3
Image_6425.jpg,2
Image_6426.jpg,2
Image_6427.jpg,0
Image_6428.jpg,4
Image_6429.jpg,0
Image_6430.jpg,3
Image_6431.jpg,2
Image_6432.jpg,2
Image_6433.jpg,0
Image_6434.jpg,0
Image_6435.jpg,1
Image_6436.jpg,1
Image_6437.jpg,1
Image_6438.jpg,0
Image_6439.jpg,1
Image_6440.jpg,0
Image_6441.jpg,1
Image_6442.jpg,2
Image_6443.jpg,0
Image_6444.jpg,3
Image_6445.jpg,1
Image_6446.jpg,3
Image_6447.jpg,0
Image_6448.jpg,0
Image_6449.jpg,2
Image_6450.jpg,2
Image_6451.jpg,3
Image_6452.jpg,2
Image_6453.jpg,2
Image_6454.jpg,4
Image_6455.jpg,0
Image_6456.jpg,0
Image_6457.jpg,1
Image_6458.jpg,1
Image_6459.jpg,0
Image_6460.jpg,1
Image_6461.jpg,3
Image_6462.jpg,1
Image_6463.jpg,2
Image_6464.jpg,0
Image_6465.jpg,0
Image_6466.jpg,2
Image_6467.jpg,2
Image_6468.jpg,2
Image_6469.jpg,0
Image_6470.jpg,0
Image_6471.jpg,2
Image_6472.jpg,1
Image_6473.jpg,3
Image_6474.jpg,2
Image_6475.jpg,2
Image_6476.jpg,2
Image_6477.jpg,1
Image_6478.jpg,0
Image_6479.jpg,1
Image_6480.jpg,0
Image_6481.jpg,3
Image_6482.jpg,2
Image_6483.jpg,1
Image_6484.jpg,1
Image_6485.jpg,2
Image_6486.jpg,2
Image_6487.jpg,0
Image_6488.jpg,0
Image_6489.jpg,0
Image_6490.jpg,0
Image_6491.jpg,0
Image_6492.jpg,2
Image_6493.jpg,0
Image_6494.jpg,0
Image_6495.jpg,0
Image_6496.jpg,2
Image_6497.jpg,2
Image_6498.jpg,4
Image_6499.jpg,0
Image_6500.jpg,0
Image_6501.jpg,1
Image_6502.jpg,0
Image_6503.jpg,0
Image_6504.jpg,2
Image_6505.jpg,4
Image_6506.jpg,3
Image_6507.jpg,2
Image_6508.jpg,2
Image_6509.jpg,3
Image_6510.jpg,1
Image_6511.jpg,1
Image_6512.jpg,2
Image_6513.jpg,0
Image_6514.jpg,2
Image_6515.jpg,0
Image_6516.jpg,1
Image_6517.jpg,0
Image_6518.jpg,2
Image_6519.jpg,2
Image_6520.jpg,0
Image_6521.jpg,1
Image_6522.jpg,0
Image_6523.jpg,3
Image_6524.jpg,1
Image_6525.jpg,4
Image_6526.jpg,3
Image_6527.jpg,0
Image_6528.jpg,0
Image_6529.jpg,0
Image_6530.jpg,1
Image_6531.jpg,1
Image_6532.jpg,0
Image_6533.jpg,1
Image_6534.jpg,4
Image_6535.jpg,1
Image_6536.jpg,2
Image_6537.jpg,3
Image_6538.jpg,2
Image_6539.jpg,0
Image_6540.jpg,0
Image_6541.jpg,1
Image_6542.jpg,2
Image_6543.jpg,0
Image_6544.jpg,0
Image_6545.jpg,3
Image_6546.jpg,1
Image_6547.jpg,1
Image_6548.jpg,2
Image_6549.jpg,0
Image_6550.jpg,1
Image_6551.jpg,2
Image_6552.jpg,2
Image_6553.jpg,0
Image_6554.jpg,0
Image_6555.jpg,0
Image_6556.jpg,3
Image_6557.jpg,2
Image_6558.jpg,1
Image_6559.jpg,1
Image_6560.jpg,2
Image_6561.jpg,2
Image_6562.jpg,1
Image_6563.jpg,3
Image_6564.jpg,0
Image_6565.jpg,1
Image_6566.jpg,0
Image_6567.jpg,2
Image_6568.jpg,1
Image_6569.jpg,1
Image_6570.jpg,3
Image_6571.jpg,0
Image_6572.jpg,2
Image_6573.jpg,0
Image_6574.jpg,0
Image_6575.jpg,0
Image_6576.jpg,2
Image_6577.jpg,2
Image_6578.jpg,0
Image_6579.jpg,3
Image_6580.jpg,1
Image_6581.jpg,0
Image_6582.jpg,2
Image_6583.jpg,0
Image_6584.jpg,1
Image_6585.jpg,3
Image_6586.jpg,0
Image_6587.jpg,0
Image_6588.jpg,2
Image_6589.jpg,2
Image_6590.jpg,0
Image_6591.jpg,0
Image_6592.jpg,2
Image_6593.jpg,1
Image_6594.jpg,0
Image_6595.jpg,2
Image_6596.jpg,2
Image_6597.jpg,0
Image_6598.jpg,1
Image_6599.jpg,0
Image_6600.jpg,0
Image_6601.jpg,0
Image_6602.jpg,4
Image_6603.jpg,0
Image_6604.jpg,0
Image_6605.jpg,0
Image_6606.jpg,0
Image_6607.jpg,1
Image_6608.jpg,2
Image_6609.jpg,4
Image_6610.jpg,2
Image_6611.jpg,0
Image_6612.jpg,3
Image_6613.jpg,0
Image_6614.jpg,0
Image_6615.jpg,0
Image_6616.jpg,1
Image_6617.jpg,3
Image_6618.jpg,1
Image_6619.jpg,4
Image_6620.jpg,3
Image_6621.jpg,2
Image_6622.jpg,1
Image_6623.jpg,1
Image_6624.jpg,0
Image_6625.jpg,2
Image_6626.jpg,3
Image_6627.jpg,2
Image_6628.jpg,4
Image_6629.jpg,2
Image_6630.jpg,2
Image_6631.jpg,1
Image_6632.jpg,4
Image_6633.jpg,3
Image_6634.jpg,2
Image_6635.jpg,2
Image_6636.jpg,1
Image_6637.jpg,0
Image_6638.jpg,2
Image_6639.jpg,2
Image_6640.jpg,2
Image_6641.jpg,3
Image_6642.jpg,2
Image_6643.jpg,0
Image_6644.jpg,3
Image_6645.jpg,1
Image_6646.jpg,3
Image_6647.jpg,0
Image_6648.jpg,2
Image_6649.jpg,0
Image_6650.jpg,1
Image_6651.jpg,0
Image_6652.jpg,1
Image_6653.jpg,0
Image_6654.jpg,0
Image_6655.jpg,2
Image_6656.jpg,1
Image_6657.jpg,0
Image_6658.jpg,2
Image_6659.jpg,2
Image_6660.jpg,2
Image_6661.jpg,2
Image_6662.jpg,0
Image_6663.jpg,1
Image_6664.jpg,0
Image_6665.jpg,0
Image_6666.jpg,0
Image_6667.jpg,0
Image_6668.jpg,0
Image_6669.jpg,3
Image_6670.jpg,0
Image_6671.jpg,1
Image_6672.jpg,1
Image_6673.jpg,0
Image_6674.jpg,0
Image_6675.jpg,0
Image_6676.jpg,3
Image_6677.jpg,0
Image_6678.jpg,1
Image_6679.jpg,2
Image_6680.jpg,1
Image_6681.jpg,2
Image_6682.jpg,0
Image_6683.jpg,2
Image_6684.jpg,2
Image_6685.jpg,0
Image_6686.jpg,2
Image_6687.jpg,1
Image_6688.jpg,0
Image_6689.jpg,0
Image_6690.jpg,3
Image_6691.jpg,3
Image_6692.jpg,0
Image_6693.jpg,0
Image_6694.jpg,2
Image_6695.jpg,0
Image_6696.jpg,3
Image_6697.jpg,1
Image_6698.jpg,3
Image_6699.jpg,1
Image_6700.jpg,2
Image_6701.jpg,2
Image_6702.jpg,0
Image_6703.jpg,1
Image_6704.jpg,2
Image_6705.jpg,1
Image_6706.jpg,1
Image_6707.jpg,2
Image_6708.jpg,0
Image_6709.jpg,2
Image_6710.jpg,1
Image_6711.jpg,2
Image_6712.jpg,2
Image_6713.jpg,2
Image_6714.jpg,3
Image_6715.jpg,2
Image_6716.jpg,2
Image_6717.jpg,2
Image_6718.jpg,1
Image_6719.jpg,3
Image_6720.jpg,2
Image_6721.jpg,1
Image_6722.jpg,0
Image_6723.jpg,1
Image_6724.jpg,2
Image_6725.jpg,0
Image_6726.jpg,3
Image_6727.jpg,3
Image_6728.jpg,0
Image_6729.jpg,0
Image_6730.jpg,2
Image_6731.jpg,0
Image_6732.jpg,0
Image_6733.jpg,2
Image_6734.jpg,3
Image_6735.jpg,2
Image_6736.jpg,0
Image_6737.jpg,0
Image_6738.jpg,1
Image_6739.jpg,2
Image_6740.jpg,0
Image_6741.jpg,0
Image_6742.jpg,0
Image_6743.jpg,2
Image_6744.jpg,2
Image_6745.jpg,0
Image_6746.jpg,3
Image_6747.jpg,1
Image_6748.jpg,2
Image_6749.jpg,0
Image_6750.jpg,2
Image_6751.jpg,3
Image_6752.jpg,3
Image_6753.jpg,2
Image_6754.jpg,0
Image_6755.jpg,2
Image_6756.jpg,2
Image_6757.jpg,1
Image_6758.jpg,0
Image_6759.jpg,1
Image_6760.jpg,1
Image_6761.jpg,2
Image_6762.jpg,0
Image_6763.jpg,3
Image_6764.jpg,1
Image_6765.jpg,2
Image_6766.jpg,1
Image_6767.jpg,0
Image_6768.jpg,0
Image_6769.jpg,0
Image_6770.jpg,0
Image_6771.jpg,0
Image_6772.jpg,1
Image_6773.jpg,1
Image_6774.jpg,1
Image_6775.jpg,3
Image_6776.jpg,4
Image_6777.jpg,3
Image_6778.jpg,0
Image_6779.jpg,4
Image_6780.jpg,0
Image_6781.jpg,1
Image_6782.jpg,1
Image_6783.jpg,0
Image_6784.jpg,3
Image_6785.jpg,0
Image_6786.jpg,3
Image_6787.jpg,0
Image_6788.jpg,2
Image_6789.jpg,0
Image_6790.jpg,1
Image_6791.jpg,1
Image_6792.jpg,2
Image_6793.jpg,4
Image_6794.jpg,0
Image_6795.jpg,2
Image_6796.jpg,3
Image_6797.jpg,2
Image_6798.jpg,0
Image_6799.jpg,2
Image_6800.jpg,1
Image_6801.jpg,2
Image_6802.jpg,3
Image_6803.jpg,2
Image_6804.jpg,0
Image_6805.jpg,0
Image_6806.jpg,1
Image_6807.jpg,1
Image_6808.jpg,0
Image_6809.jpg,2
Image_6810.jpg,2
Image_6811.jpg,0
Image_6812.jpg,2
Image_6813.jpg,0
Image_6814.jpg,2
Image_6815.jpg,0
Image_6816.jpg,0
Image_6817.jpg,2
Image_6818.jpg,3
Image_6819.jpg,0
Image_6820.jpg,1
Image_6821.jpg,2
Image_6822.jpg,3
Image_6823.jpg,2
Image_6824.jpg,1
Image_6825.jpg,3
Image_6826.jpg,1
Image_6827.jpg,2
Image_6828.jpg,2
Image_6829.jpg,2
Image_6830.jpg,1
Image_6831.jpg,2
Image_6832.jpg,2
Image_6833.jpg,2
Image_6834.jpg,3
Image_6835.jpg,2
Image_6836.jpg,0
Image_6837.jpg,1
Image_6838.jpg,2
Image_6839.jpg,1
Image_6840.jpg,2
Image_6841.jpg,2
Image_6842.jpg,0
Image_6843.jpg,3
Image_6844.jpg,1
Image_6845.jpg,2
Image_6846.jpg,3
Image_6847.jpg,2
Image_6848.jpg,2
Image_6849.jpg,0
Image_6850.jpg,0
Image_6851.jpg,3
Image_6852.jpg,3
Image_6853.jpg,0
Image_6854.jpg,2
Image_6855.jpg,1
Image_6856.jpg,2
Image_6857.jpg,2
Image_6858.jpg,2
Image_6859.jpg,0
Image_6860.jpg,0
Image_6861.jpg,4
Image_6862.jpg,1
Image_6863.jpg,1
Image_6864.jpg,0
Image_6865.jpg,1
Image_6866.jpg,1
Image_6867.jpg,1
Image_6868.jpg,2
Image_6869.jpg,0
Image_6870.jpg,0
Image_6871.jpg,3
Image_6872.jpg,1
Image_6873.jpg,2
Image_6874.jpg,2
Image_6875.jpg,0
Image_6876.jpg,1
Image_6877.jpg,1
Image_6878.jpg,2
Image_6879.jpg,0
Image_6880.jpg,2
Image_6881.jpg,3
Image_6882.jpg,0
Image_6883.jpg,1
Image_6884.jpg,0
Image_6885.jpg,4
Image_6886.jpg,0
Image_6887.jpg,2
Image_6888.jpg,0
Image_6889.jpg,0
Image_6890.jpg,0
Image_6891.jpg,2
Image_6892.jpg,1
Image_6893.jpg,0
Image_6894.jpg,3
Image_6895.jpg,0
Image_6896.jpg,3
Image_6897.jpg,2
Image_6898.jpg,0
Image_6899.jpg,0
Image_6900.jpg,1
Image_6901.jpg,1
Image_6902.jpg,0
Image_6903.jpg,1
Image_6904.jpg,1
Image_6905.jpg,0
Image_6906.jpg,2
Image_6907.jpg,3
Image_6908.jpg,0
Image_6909.jpg,2
Image_6910.jpg,0
Image_6911.jpg,1
Image_6912.jpg,3
Image_6913.jpg,2
Image_6914.jpg,0
Image_6915.jpg,0
Image_6916.jpg,2
Image_6917.jpg,0
Image_6918.jpg,1
Image_6919.jpg,0
Image_6920.jpg,2
Image_6921.jpg,2
Image_6922.jpg,1
Image_6923.jpg,3
Image_6924.jpg,2
Image_6925.jpg,1
Image_6926.jpg,0
Image_6927.jpg,0
Image_6928.jpg,1
Image_6929.jpg,0
Image_6930.jpg,2
Image_6931.jpg,0
Image_6932.jpg,0
Image_6933.jpg,3
Image_6934.jpg,0
Image_6935.jpg,1
Image_6936.jpg,3
Image_6937.jpg,0
Image_6938.jpg,0
Image_6939.jpg,1
Image_6940.jpg,1
Image_6941.jpg,4
Image_6942.jpg,1
Image_6943.jpg,0
Image_6944.jpg,0
Image_6945.jpg,2
Image_6946.jpg,0
Image_6947.jpg,3
Image_6948.jpg,3
Image_6949.jpg,0
Image_6950.jpg,2
Image_6951.jpg,1
Image_6952.jpg,1
Image_6953.jpg,2
Image_6954.jpg,0
Image_6955.jpg,2
Image_6956.jpg,0
Image_6957.jpg,0
Image_6958.jpg,2
Image_6959.jpg,1
Image_6960.jpg,2
Image_6961.jpg,1
Image_6962.jpg,0
Image_6963.jpg,3
Image_6964.jpg,0
Image_6965.jpg,2
Image_6966.jpg,2
Image_6967.jpg,0
Image_6968.jpg,0
Image_6969.jpg,1
Image_6970.jpg,2
Image_6971.jpg,0
Image_6972.jpg,3
Image_6973.jpg,1
Image_6974.jpg,2
Image_6975.jpg,0
Image_6976.jpg,0
Image_6977.jpg,3
Image_6978.jpg,0
Image_6979.jpg,0
Image_6980.jpg,1
Image_6981.jpg,2
Image_6982.jpg,1
Image_6983.jpg,0
Image_6984.jpg,3
Image_6985.jpg,2
Image_6986.jpg,2
Image_6987.jpg,2
Image_6988.jpg,0
Image_6989.jpg,1
Image_6990.jpg,1
Image_6991.jpg,3
Image_6992.jpg,2
Image_6993.jpg,2
Image_6994.jpg,0
Image_6995.jpg,2
Image_6996.jpg,3
Image_6997.jpg,1
Image_6998.jpg,2
Image_6999.jpg,1
Image_7000.jpg,3
Image_7001.jpg,0
Image_7002.jpg,1
Image_7003.jpg,1
Image_7004.jpg,3
Image_7005.jpg,0
Image_7006.jpg,0
Image_7007.jpg,1
Image_7008.jpg,0
Image_7009.jpg,3
Image_7010.jpg,1
Image_7011.jpg,2
Image_7012.jpg,0
Image_7013.jpg,2
Image_7014.jpg,0
Image_7015.jpg,1
Image_7016.jpg,0
Image_7017.jpg,2
Image_7018.jpg,0
Image_7019.jpg,2
Image_7020.jpg,0
Image_7021.jpg,0
Image_7022.jpg,2
Image_7023.jpg,0
Image_7024.jpg,0
Image_7025.jpg,1
Image_7026.jpg,2
Image_7027.jpg,2
Image_7028.jpg,0
Image_7029.jpg,1
Image_7030.jpg,1
Image_7031.jpg,2
Image_7032.jpg,0
Image_7033.jpg,0
Image_7034.jpg,2
Image_7035.jpg,1
Image_7036.jpg,2
Image_7037.jpg,0
Image_7038.jpg,0
Image_7039.jpg,0
Image_7040.jpg,0
Image_7041.jpg,2
Image_7042.jpg,2
Image_7043.jpg,1
Image_7044.jpg,3
Image_7045.jpg,0
Image_7046.jpg,3
Image_7047.jpg,1
Image_7048.jpg,2
Image_7049.jpg,1
Image_7050.jpg,1
Image_7051.jpg,1
Image_7052.jpg,1
Image_7053.jpg,0
Image_7054.jpg,0
Image_7055.jpg,2
Image_7056.jpg,2
Image_7057.jpg,1
Image_7058.jpg,0
Image_7059.jpg,0
Image_7060.jpg,0
Image_7061.jpg,1
Image_7062.jpg,2
Image_7063.jpg,4
Image_7064.jpg,0
Image_7065.jpg,0
Image_7066.jpg,0
Image_7067.jpg,1
Image_7068.jpg,3
Image_7069.jpg,2
Image_7070.jpg,0
Image_7071.jpg,3
Image_7072.jpg,3
Image_7073.jpg,1
Image_7074.jpg,0
Image_7075.jpg,0
Image_7076.jpg,0
Image_7077.jpg,0
Image_7078.jpg,0
Image_7079.jpg,2
Image_7080.jpg,2
Image_7081.jpg,0
Image_7082.jpg,0
Image_7083.jpg,0
Image_7084.jpg,3
Image_7085.jpg,2
Image_7086.jpg,1
Image_7087.jpg,1
Image_7088.jpg,0
Image_7089.jpg,1
Image_7090.jpg,0
Image_7091.jpg,1
Image_7092.jpg,1
Image_7093.jpg,1
Image_7094.jpg,0
Image_7095.jpg,0
Image_7096.jpg,0
Image_7097.jpg,3
Image_7098.jpg,0
Image_7099.jpg,2
Image_7100.jpg,2
Image_7101.jpg,2
Image_7102.jpg,0
Image_7103.jpg,0
Image_7104.jpg,2
Image_7105.jpg,2
Image_7106.jpg,0
Image_7107.jpg,2
Image_7108.jpg,2
Image_7109.jpg,3
Image_7110.jpg,2
Image_7111.jpg,0
Image_7112.jpg,2
Image_7113.jpg,0
Image_7114.jpg,0
Image_7115.jpg,1
Image_7116.jpg,0
Image_7117.jpg,3
Image_7118.jpg,2
Image_7119.jpg,2
Image_7120.jpg,0
Image_7121.jpg,2
Image_7122.jpg,0
Image_7123.jpg,3
Image_7124.jpg,2
Image_7125.jpg,2
Image_7126.jpg,0
Image_7127.jpg,3
Image_7128.jpg,0
Image_7129.jpg,1
Image_7130.jpg,1
Image_7131.jpg,0
Image_7132.jpg,1
Image_7133.jpg,0
Image_7134.jpg,0
Image_7135.jpg,0
Image_7136.jpg,0
Image_7137.jpg,2
Image_7138.jpg,0
Image_7139.jpg,0
Image_7140.jpg,0
Image_7141.jpg,3
Image_7142.jpg,0
Image_7143.jpg,2
Image_7144.jpg,0
Image_7145.jpg,0
Image_7146.jpg,1
Image_7147.jpg,3
Image_7148.jpg,0
Image_7149.jpg,1
Image_7150.jpg,0
Image_7151.jpg,0
Image_7152.jpg,2
Image_7153.jpg,2
Image_7154.jpg,1
Image_7155.jpg,3
Image_7156.jpg,0
Image_7157.jpg,1
Image_7158.jpg,0
Image_7159.jpg,1
Image_7160.jpg,3
Image_7161.jpg,0
Image_7162.jpg,0
Image_7163.jpg,0
Image_7164.jpg,1
Image_7165.jpg,0
Image_7166.jpg,0
Image_7167.jpg,3
Image_7168.jpg,2
Image_7169.jpg,0
Image_7170.jpg,2
Image_7171.jpg,2
Image_7172.jpg,2
Image_7173.jpg,2
Image_7174.jpg,3
Image_7175.jpg,2
Image_7176.jpg,3
Image_7177.jpg,0
Image_7178.jpg,3
Image_7179.jpg,0
Image_7180.jpg,0
Image_7181.jpg,2
Image_7182.jpg,2
Image_7183.jpg,2
Image_7184.jpg,2
Image_7185.jpg,0
Image_7186.jpg,2
Image_7187.jpg,2
Image_7188.jpg,0
Image_7189.jpg,2
Image_7190.jpg,3
Image_7191.jpg,0
Image_7192.jpg,2
Image_7193.jpg,0
Image_7194.jpg,2
Image_7195.jpg,0
Image_7196.jpg,0
Image_7197.jpg,0
Image_7198.jpg,2
Image_7199.jpg,0
Image_7200.jpg,2
Image_7201.jpg,0
Image_7202.jpg,0
Image_7203.jpg,0
Image_7204.jpg,3
Image_7205.jpg,3
Image_7206.jpg,1
Image_7207.jpg,0
Image_7208.jpg,1
Image_7209.jpg,0
Image_7210.jpg,0
Image_7211.jpg,0
Image_7212.jpg,1
Image_7213.jpg,0
Image_7214.jpg,3
Image_7215.jpg,3
Image_7216.jpg,2
Image_7217.jpg,1
Image_7218.jpg,1
Image_7219.jpg,2
Image_7220.jpg,1
Image_7221.jpg,3
Image_7222.jpg,0
Image_7223.jpg,1
Image_7224.jpg,1
Image_7225.jpg,1
Image_7226.jpg,0
Image_7227.jpg,0
Image_7228.jpg,3
Image_7229.jpg,0
Image_7230.jpg,3
Image_7231.jpg,4
Image_7232.jpg,3
Image_7233.jpg,0
Image_7234.jpg,0
Image_7235.jpg,2
Image_7236.jpg,0
Image_7237.jpg,0
Image_7238.jpg,0
Image_7239.jpg,1
Image_7240.jpg,0
Image_7241.jpg,3
Image_7242.jpg,2
Image_7243.jpg,2
Image_7244.jpg,2
Image_7245.jpg,3
Image_7246.jpg,0
Image_7247.jpg,0
Image_7248.jpg,3
Image_7249.jpg,0
Image_7250.jpg,2
Image_7251.jpg,0
Image_7252.jpg,0
Image_7253.jpg,0
Image_7254.jpg,2
Image_7255.jpg,1
Image_7256.jpg,2
Image_7257.jpg,0
Image_7258.jpg,2
Image_7259.jpg,1
Image_7260.jpg,1
Image_7261.jpg,3
Image_7262.jpg,1
Image_7263.jpg,2
Image_7264.jpg,0
Image_7265.jpg,0
Image_7266.jpg,0
Image_7267.jpg,2
Image_7268.jpg,2
Image_7269.jpg,1
Image_7270.jpg,0
Image_7271.jpg,1
Image_7272.jpg,1
Image_7273.jpg,1
Image_7274.jpg,2
Image_7275.jpg,1
Image_7276.jpg,2
Image_7277.jpg,0
Image_7278.jpg,1
Image_7279.jpg,0
Image_7280.jpg,0
Image_7281.jpg,2
Image_7282.jpg,2
Image_7283.jpg,2
Image_7284.jpg,1
Image_7285.jpg,2
Image_7286.jpg,0
Image_7287.jpg,2
Image_7288.jpg,2
Image_7289.jpg,1
Image_7290.jpg,1
Image_7291.jpg,0
Image_7292.jpg,2
Image_7293.jpg,0
Image_7294.jpg,2
Image_7295.jpg,2
Image_7296.jpg,2
Image_7297.jpg,0
Image_7298.jpg,0
Image_7299.jpg,2
Image_7300.jpg,1
Image_7301.jpg,1
Image_7302.jpg,2
Image_7303.jpg,2
Image_7304.jpg,4
Image_7305.jpg,0
Image_7306.jpg,1
Image_7307.jpg,0
Image_7308.jpg,0
Image_7309.jpg,0
Image_7310.jpg,0
Image_7311.jpg,3
Image_7312.jpg,3
Image_7313.jpg,2
Image_7314.jpg,1
Image_7315.jpg,2
Image_7316.jpg,2
Image_7317.jpg,2
Image_7318.jpg,1
Image_7319.jpg,3
Image_7320.jpg,3
Image_7321.jpg,1
Image_7322.jpg,0
Image_7323.jpg,2
Image_7324.jpg,2
Image_7325.jpg,1
Image_7326.jpg,3
Image_7327.jpg,1
Image_7328.jpg,0
Image_7329.jpg,0
Image_7330.jpg,4
Image_7331.jpg,2
Image_7332.jpg,3
Image_7333.jpg,2
Image_7334.jpg,0
Image_7335.jpg,1
Image_7336.jpg,3
Image_7337.jpg,0
Image_7338.jpg,0
Image_7339.jpg,3
Image_7340.jpg,1
Image_7341.jpg,1
Image_7342.jpg,2
Image_7343.jpg,1
Image_7344.jpg,3
Image_7345.jpg,2
Image_7346.jpg,0
Image_7347.jpg,2
Image_7348.jpg,2
Image_7349.jpg,0
Image_7350.jpg,0
Image_7351.jpg,2
Image_7352.jpg,1
Image_7353.jpg,2
Image_7354.jpg,0
Image_7355.jpg,2
Image_7356.jpg,0
Image_7357.jpg,2
Image_7358.jpg,2
Image_7359.jpg,4
Image_7360.jpg,0
Image_7361.jpg,1
Image_7362.jpg,0
Image_7363.jpg,2
Image_7364.jpg,1
Image_7365.jpg,3
Image_7366.jpg,1
Image_7367.jpg,4
Image_7368.jpg,1
Image_7369.jpg,0
Image_7370.jpg,0
Image_7371.jpg,3
Image_7372.jpg,4
Image_7373.jpg,1
Image_7374.jpg,1
Image_7375.jpg,0
Image_7376.jpg,0
Image_7377.jpg,0
Image_7378.jpg,1
Image_7379.jpg,2
Image_7380.jpg,3
Image_7381.jpg,2
Image_7382.jpg,4
Image_7383.jpg,2
Image_7384.jpg,0
Image_7385.jpg,3
Image_7386.jpg,2
Image_7387.jpg,3
Image_7388.jpg,1
Image_7389.jpg,1
Image_7390.jpg,0
Image_7391.jpg,0
Image_7392.jpg,1
Image_7393.jpg,0
Image_7394.jpg,3
Image_7395.jpg,1
Image_7396.jpg,0
Image_7397.jpg,0
Image_7398.jpg,1
Image_7399.jpg,0
Image_7400.jpg,1
Image_7401.jpg,4
Image_7402.jpg,3
Image_7403.jpg,2
Image_7404.jpg,0
Image_7405.jpg,0
Image_7406.jpg,0
Image_7407.jpg,3
Image_7408.jpg,2
Image_7409.jpg,1
Image_7410.jpg,2
Image_7411.jpg,2
Image_7412.jpg,0
Image_7413.jpg,0
Image_7414.jpg,2
Image_7415.jpg,0
Image_7416.jpg,0
Image_7417.jpg,0
Image_7418.jpg,0
Image_7419.jpg,1
Image_7420.jpg,1
Image_7421.jpg,1
Image_7422.jpg,0
Image_7423.jpg,2
Image_7424.jpg,1
Image_7425.jpg,0
Image_7426.jpg,0
Image_7427.jpg,3
Image_7428.jpg,3
Image_7429.jpg,4
Image_7430.jpg,2
Image_7431.jpg,1
Image_7432.jpg,2
Image_7433.jpg,4
Image_7434.jpg,0
Image_7435.jpg,1
Image_7436.jpg,2
Image_7437.jpg,0
Image_7438.jpg,0
Image_7439.jpg,3
Image_7440.jpg,1
Image_7441.jpg,0
Image_7442.jpg,0
Image_7443.jpg,1
Image_7444.jpg,2
Image_7445.jpg,1
Image_7446.jpg,0
Image_7447.jpg,0
Image_7448.jpg,2
Image_7449.jpg,1
Image_7450.jpg,1
Image_7451.jpg,2
Image_7452.jpg,3
Image_7453.jpg,0
Image_7454.jpg,0
Image_7455.jpg,0
Image_7456.jpg,1
Image_7457.jpg,2
Image_7458.jpg,0
Image_7459.jpg,0
Image_7460.jpg,0
Image_7461.jpg,2
Image_7462.jpg,2
Image_7463.jpg,1
Image_7464.jpg,0
Image_7465.jpg,0
Image_7466.jpg,2
Image_7467.jpg,0
Image_7468.jpg,0
Image_7469.jpg,0
Image_7470.jpg,2
Image_7471.jpg,0
Image_7472.jpg,1
Image_7473.jpg,2
Image_7474.jpg,1
Image_7475.jpg,0
Image_7476.jpg,0
Image_7477.jpg,0
Image_7478.jpg,2
Image_7479.jpg,1
Image_7480.jpg,2
Image_7481.jpg,2
Image_7482.jpg,1
Image_7483.jpg,0
Image_7484.jpg,2
Image_7485.jpg,0
Image_7486.jpg,1
Image_7487.jpg,0
Image_7488.jpg,0
Image_7489.jpg,0
Image_7490.jpg,2
Image_7491.jpg,0
Image_7492.jpg,2
Image_7493.jpg,2
Image_7494.jpg,0
Image_7495.jpg,3
Image_7496.jpg,3
Image_7497.jpg,2
Image_7498.jpg,1
Image_7499.jpg,3
Image_7500.jpg,0
Image_7501.jpg,0
Image_7502.jpg,2
Image_7503.jpg,0
Image_7504.jpg,2
Image_7505.jpg,2
Image_7506.jpg,0
Image_7507.jpg,0
Image_7508.jpg,0
Image_7509.jpg,0
Image_7510.jpg,2
Image_7511.jpg,1
Image_7512.jpg,1
Image_7513.jpg,1
Image_7514.jpg,2
Image_7515.jpg,0
Image_7516.jpg,3
Image_7517.jpg,3
Image_7518.jpg,0
Image_7519.jpg,3
Image_7520.jpg,0
Image_7521.jpg,0
Image_7522.jpg,0
Image_7523.jpg,2
Image_7524.jpg,4
Image_7525.jpg,3
Image_7526.jpg,1
Image_7527.jpg,0
Image_7528.jpg,3
Image_7529.jpg,2
Image_7530.jpg,3
Image_7531.jpg,1
Image_7532.jpg,0
Image_7533.jpg,2
Image_7534.jpg,0
Image_7535.jpg,3
Image_7536.jpg,1
Image_7537.jpg,0
Image_7538.jpg,0
Image_7539.jpg,3
Image_7540.jpg,0
Image_7541.jpg,2
Image_7542.jpg,0
Image_7543.jpg,2
Image_7544.jpg,3
Image_7545.jpg,1
Image_7546.jpg,2
Image_7547.jpg,1
Image_7548.jpg,2
Image_7549.jpg,2
Image_7550.jpg,2
Image_7551.jpg,0
Image_7552.jpg,0
Image_7553.jpg,2
Image_7554.jpg,3
Image_7555.jpg,1
Image_7556.jpg,3
Image_7557.jpg,2
Image_7558.jpg,2
Image_7559.jpg,4
Image_7560.jpg,2
Image_7561.jpg,2
Image_7562.jpg,2
Image_7563.jpg,2
Image_7564.jpg,0
Image_7565.jpg,2
Image_7566.jpg,0
Image_7567.jpg,2
Image_7568.jpg,1
Image_7569.jpg,2
Image_7570.jpg,0
Image_7571.jpg,3
Image_7572.jpg,1
Image_7573.jpg,0
Image_7574.jpg,0
Image_7575.jpg,0
Image_7576.jpg,1
Image_7577.jpg,3
Image_7578.jpg,2
Image_7579.jpg,0
Image_7580.jpg,0
Image_7581.jpg,3
Image_7582.jpg,1
Image_7583.jpg,3
Image_7584.jpg,1
Image_7585.jpg,1
Image_7586.jpg,0
Image_7587.jpg,4
Image_7588.jpg,0
Image_7589.jpg,3
Image_7590.jpg,2
Image_7591.jpg,3
Image_7592.jpg,0
Image_7593.jpg,1
Image_7594.jpg,0
Image_7595.jpg,2
Image_7596.jpg,1
Image_7597.jpg,2
Image_7598.jpg,4
Image_7599.jpg,0
Image_7600.jpg,2
Image_7601.jpg,3
Image_7602.jpg,1
Image_7603.jpg,2
Image_7604.jpg,2
Image_7605.jpg,0
Image_7606.jpg,3
Image_7607.jpg,1
Image_7608.jpg,3
Image_7609.jpg,3
Image_7610.jpg,3
Image_7611.jpg,0
Image_7612.jpg,3
Image_7613.jpg,2
Image_7614.jpg,0
Image_7615.jpg,0
Image_7616.jpg,2
Image_7617.jpg,1
Image_7618.jpg,0
Image_7619.jpg,1
Image_7620.jpg,2
Image_7621.jpg,1
Image_7622.jpg,1
Image_7623.jpg,3
Image_7624.jpg,2
Image_7625.jpg,0
Image_7626.jpg,0
Image_7627.jpg,2
Image_7628.jpg,0
Image_7629.jpg,1
Image_7630.jpg,0
Image_7631.jpg,4
Image_7632.jpg,0
Image_7633.jpg,2
Image_7634.jpg,3
Image_7635.jpg,0
Image_7636.jpg,2
Image_7637.jpg,0
Image_7638.jpg,1
Image_7639.jpg,0
Image_7640.jpg,1
Image_7641.jpg,3
Image_7642.jpg,2
Image_7643.jpg,0
Image_7644.jpg,1
Image_7645.jpg,2
Image_7646.jpg,0
Image_7647.jpg,0
Image_7648.jpg,1
Image_7649.jpg,1
Image_7650.jpg,0
Image_7651.jpg,0
Image_7652.jpg,0
Image_7653.jpg,0
Image_7654.jpg,2
Image_7655.jpg,2
Image_7656.jpg,0
Image_7657.jpg,2
Image_7658.jpg,0
Image_7659.jpg,3
Image_7660.jpg,0
Image_7661.jpg,2
Image_7662.jpg,0
Image_7663.jpg,2
Image_7664.jpg,3
Image_7665.jpg,0
Image_7666.jpg,0
Image_7667.jpg,0
Image_7668.jpg,2
Image_7669.jpg,3
Image_7670.jpg,0
Image_7671.jpg,0
Image_7672.jpg,0
Image_7673.jpg,1
Image_7674.jpg,0
Image_7675.jpg,0
Image_7676.jpg,2
Image_7677.jpg,0
Image_7678.jpg,2
Image_7679.jpg,3
Image_7680.jpg,0
Image_7681.jpg,1
Image_7682.jpg,0
Image_7683.jpg,0
Image_7684.jpg,3
Image_7685.jpg,0
Image_7686.jpg,2
Image_7687.jpg,3
Image_7688.jpg,0
Image_7689.jpg,3
Image_7690.jpg,1
Image_7691.jpg,2
Image_7692.jpg,0
Image_7693.jpg,3
Image_7694.jpg,2
Image_7695.jpg,2
Image_7696.jpg,3
Image_7697.jpg,1
Image_7698.jpg,1
Image_7699.jpg,0
Image_7700.jpg,1
Image_7701.jpg,0
Image_7702.jpg,0
Image_7703.jpg,0
Image_7704.jpg,2
Image_7705.jpg,0
Image_7706.jpg,2
Image_7707.jpg,2
Image_7708.jpg,0
Image_7709.jpg,0
Image_7710.jpg,3
Image_7711.jpg,0
Image_7712.jpg,2
Image_7713.jpg,1
Image_7714.jpg,0
Image_7715.jpg,1
Image_7716.jpg,2
Image_7717.jpg,3
Image_7718.jpg,3
Image_7719.jpg,2
Image_7720.jpg,3
Image_7721.jpg,2
Image_7722.jpg,0
Image_7723.jpg,3
Image_7724.jpg,3
Image_7725.jpg,0
Image_7726.jpg,0
Image_7727.jpg,3
Image_7728.jpg,4
Image_7729.jpg,2
Image_7730.jpg,2
Image_7731.jpg,2
Image_7732.jpg,3
Image_7733.jpg,0
Image_7734.jpg,2
Image_7735.jpg,1
Image_7736.jpg,3
Image_7737.jpg,0
Image_7738.jpg,2
Image_7739.jpg,2
Image_7740.jpg,2
Image_7741.jpg,2
Image_7742.jpg,3
Image_7743.jpg,0
Image_7744.jpg,2
Image_7745.jpg,4
Image_7746.jpg,0
Image_7747.jpg,0
Image_7748.jpg,0
Image_7749.jpg,4
Image_7750.jpg,0
Image_7751.jpg,0
Image_7752.jpg,3
Image_7753.jpg,1
Image_7754.jpg,0
Image_7755.jpg,3
Image_7756.jpg,2
Image_7757.jpg,4
Image_7758.jpg,3
Image_7759.jpg,1
Image_7760.jpg,3
Image_7761.jpg,1
Image_7762.jpg,2
Image_7763.jpg,0
Image_7764.jpg,0
Image_7765.jpg,2
Image_7766.jpg,2
Image_7767.jpg,0
Image_7768.jpg,4
Image_7769.jpg,2
Image_7770.jpg,0
Image_7771.jpg,0
Image_7772.jpg,2
Image_7773.jpg,0
Image_7774.jpg,0
Image_7775.jpg,0
Image_7776.jpg,0
Image_7777.jpg,0
Image_7778.jpg,2
Image_7779.jpg,1
Image_7780.jpg,0
Image_7781.jpg,0
Image_7782.jpg,0
Image_7783.jpg,2
Image_7784.jpg,0
Image_7785.jpg,1
Image_7786.jpg,1
Image_7787.jpg,0
Image_7788.jpg,1
Image_7789.jpg,0
Image_7790.jpg,2
Image_7791.jpg,0
Image_7792.jpg,1
Image_7793.jpg,3
Image_7794.jpg,0
Image_7795.jpg,3
Image_7796.jpg,3
Image_7797.jpg,3
Image_7798.jpg,2
Image_7799.jpg,2
Image_7800.jpg,1
Image_7801.jpg,0
Image_7802.jpg,0
Image_7803.jpg,4
Image_7804.jpg,3
Image_7805.jpg,0
Image_7806.jpg,0
Image_7807.jpg,3
Image_7808.jpg,2
Image_7809.jpg,0
Image_7810.jpg,2
Image_7811.jpg,0
Image_7812.jpg,0
Image_7813.jpg,0
Image_7814.jpg,1
Image_7815.jpg,2
Image_7816.jpg,3
Image_7817.jpg,0
Image_7818.jpg,2
Image_7819.jpg,2
Image_7820.jpg,1
Image_7821.jpg,0
Image_7822.jpg,0
Image_7823.jpg,4
Image_7824.jpg,0
Image_7825.jpg,4
Image_7826.jpg,0
Image_7827.jpg,2
Image_7828.jpg,1
